759060696
759060701
759060697
759060698
759060702
759060699
759060703
759060700
759060704
759060705
759060706
759060707
759060708
759060709
759060723
759060710
759060711
759060724
759060712
759060725
759060726
759060727
759060728
759060713
759060714
759060715
759060729
759060716
759060717
759060718
759060719
759060720
759060730
759060731
759060721
759060722
759060732
759060733
759060734
759060735
759060736
759060737
759060738
759060739
759060740
759060743
759060741
759060742
759060744
759060745
759060746
759065730
759065731
759065732
759065737
759065733
759065734
759065738
759065739
759065740
759065741
759065735
759065742
759065743
759065736
759065744
759065756
759065757
759065758
759065745
759065759
759065746
759065760
759065747
759065761
759065748
759065762
759065763
759065764
759065749
759065765
759065750
759065766
759065767
759065751
759065752
759065753
759065768
759065769
759065754
759065755
759065770
759065771
759065818
759065819
759065820
759065821
759065822
759065772
759065823
759065824
759065773
759065774
759065775
759065825
759065776
759065826
759065827
759065777
759065778
759065779
759065780
759065828
759065781
759065782
759065783
759065784
759065829
759065785
759065786
759065787
759065830
759065788
759065831
759065789
759065832
759065833
759065790
759065791
759065834
759065792
759065793
759065794
759065835
759065836
759065837
759065838
759065795
759065839
759065840
759065796
759065841
759065842
759065797
759065798
759065843
759065799
759065844
759065845
759065800
759065801
759065802
759065803
759065804
759065805
759065806
759065807
759065846
759065808
759065847
759065848
759065849
759065809
759065810
759065850
759065811
759065851
759065812
759065813
759065852
759065853
759065854
759065814
759065815
759065855
759065816
759065856
759065817
759065867
759065857
759065868
759065869
759065858
759065859
759065870
759065871
759065860
759065861
759065862
759065863
759065864
759065872
759065873
759065865
759065874
759065875
759065866
759065876
759065877
759070841
759070842
759070860
759070843
759070844
759070861
759070862
759070845
759070846
759070863
759070847
759070848
759070849
759070850
759070864
759070851
759070852
759070865
759070866
759070867
759070868
759070869
759070870
759070853
759070871
759070854
759070855
759070872
759070856
759070857
759070858
759070873
759070859
759070874
759075852
759075853
759075854
759075856
759075855
759075857
759075858
759075859
759075860
759075861
759075868
759075869
759075870
759075862
759075863
759075871
759075864
759075872
759075865
759075873
759075866
759075867
759075874
759075880
759075890
759075888
759075889
759075897
759075898
759075901
759075899
759075900
759075906
759075912
759075913
759075907
759075908
759075914
759075909
759075915
759075916
759075910
759075917
759075911
759075918
759075922
759075923
759075919
759075924
759075920
759075921
759075925
759075926
759075938
759075939
759075927
759075928
759075940
759075941
759075929
759075930
759075931
759075942
759075943
759075932
759075944
759075933
759075934
759075935
759075945
759075946
759075947
759075936
759075948
759075949
759075937
759075950
759075957
759075958
759075959
759075960
759075961
759075951
759075952
759075953
759075962
759075954
759075955
759075956
759075963
759080947
759080949
759080950
759080948
759080951
759080952
759080953
759080955
759080956
759080954
759080957
759080958
759080959
759080960
759080961
759080977
759080978
759080979
759080980
759080962
759080981
759080963
759080964
759080965
759080982
759080983
759080984
759080985
759080986
759080987
759080988
759080966
759080989
759080967
759080968
759080969
759080970
759080990
759080971
759080972
759080973
759080991
759080992
759080993
759080994
759080974
759080995
759080996
759080997
759080975
759080998
759080976
759080999
759081019
759081020
759081021
759081022
759081000
759081023
759081001
759081024
759081025
759081026
759081002
759081027
759081003
759081004
759081005
759081006
759081007
759081028
759081008
759081029
759081009
759081010
759081011
759081012
759081013
759081030
759081014
759081031
759081015
759081016
759081017
759081032
759081033
759081018
759086003
759086004
759086005
759086009
759086006
759086007
759086010
759086008
759086015
759086016
759086017
759086018
759086019
759086020
759086021
759086022
759086028
759086029
759086032
759086030
759086031
759086033
759086034
759086035
759086036
759086037
759086041
759086049
759086042
759086043
759086050
759086044
759086045
759086051
759086052
759086046
759086047
759086048
759086053
759086054
759086055
759091050
759091062
759091051
759091052
759091053
759091063
759091064
759091054
759091055
759091056
759091057
759091065
759091066
759091058
759091059
759091067
759091068
759091060
759091061
759091069
759091070
759091071
759096070
759096067
759096068
759096069
759096071
759096072
759096073
759096074
759096077
759096075
759096078
759096076
759096082
759096086
759096083
759096084
759096085
759096087
759096088
759096089
759096090
759096098
759096099
759096100
759096101
759096102
759096091
759096103
759096092
759096104
759096105
759096106
759096107
759096093
759096108
759096094
759096095
759096096
759096097
759096114
759096109
759096115
759096110
759096116
759096111
759096117
759096112
759096118
759096113
759096120
759096121
759096122
759096135
759096136
759096123
759096124
759096125
759096137
759096126
759096127
759096128
759096138
759096139
759096140
759096129
759096130
759096131
759096132
759096133
759096134
759096141
759096142
759101128
759101129
759101130
759101131
759101136
759101137
759101132
759101138
759101133
759101134
759101135
759101139
759101141
759101142
759101143
759101144
759101147
759101148
759101149
759101150
759101151
759101152
759101156
759101157
759101158
759101159
759101170
759101160
759101161
759101171
759101162
759101163
759101164
759101172
759101173
759101174
759101165
759101175
759101176
759101177
759101178
759101179
759101180
759101166
759101167
759101168
759101169
759101182
759101183
759101181
759101198
759101184
759101199
759101185
759101186
759101200
759101187
759101188
759101189
759101190
759101201
759101202
759101191
759101203
759101204
759101192
759101193
759101194
759101205
759101206
759101207
759101208
759101195
759101209
759101210
759101211
759101196
759101197
759101212
759101213
759101214
759101219
759101215
759101220
759101216
759101221
759101222
759101217
759101218
759101223
759101226
759101224
759101227
759101228
759101229
759101225
759101230
759101233
759101234
759101235
759101236
759101237
759101238
759101239
759101240
759101241
759101242
759101243
759101244
759101245
759101246
759106244
759106245
759106246
759106247
759106248
759106240
759106241
759106249
759106242
759106243
759106250
759106251
759106252
759106256
759106253
759106257
759106258
759106259
759106254
759106260
759106255
759106261
759106262
759106263
759106266
759106267
759106268
759106269
759106264
759106265
759106270
759106271
759106272
759106273
759106297
759106298
759106274
759106299
759106300
759106275
759106301
759106302
759106303
759106276
759106304
759106277
759106278
759106279
759106280
759106305
759106281
759106282
759106283
759106284
759106285
759106306
759106286
759106287
759106288
759106307
759106308
759106289
759106309
759106290
759106291
759106310
759106292
759106293
759106294
759106311
759106295
759106296
759106312
759111292
759111293
759111294
759111295
759111303
759111304
759111305
759111306
759111307
759111308
759111309
759111310
759111311
759111319
759111320
759111321
759111312
759111322
759111323
759111313
759111314
759111315
759111316
759111317
759111324
759111325
759111318
759111326
759111328
759111343
759111344
759111329
759111345
759111330
759111331
759111346
759111347
759111332
759111333
759111348
759111334
759111349
759111335
759111336
759111337
759111350
759111351
759111338
759111339
759111340
759111341
759111352
759111353
759111342
759111354
759111362
759111355
759111363
759111356
759111357
759111364
759111365
759111358
759111359
759111360
759111361
759111366
759111367
759116352
759116353
759116354
759116358
759116359
759116355
759116360
759116356
759116361
759116357
759116362
759116363
759116364
759116365
759116371
759116372
759116366
759116367
759116373
759116374
759116368
759116369
759116370
759121366
759121374
759121375
759121376
759121379
759121380
759121381
759121377
759121378
759121382
759126378
759126379
759126380
759126382
759126383
759126381
759126384
759126385
759126386
759126387
759126392
759126388
759126389
759126393
759126390
759126391
759126394
759126395
759126396
759126399
759126400
759126397
759126401
759126398
759126402
759126403
759126404
759126410
759126405
759126411
759126412
759126406
759126413
759126414
759126415
759126407
759126416
759126417
759126418
759126408
759126409
759126419
759126420
759126421
759126427
759126422
759126428
759126429
759126430
759126423
759126431
759126424
759126432
759126425
759126426
759126439
759126433
759126434
759126435
759126440
759126436
759126441
759126442
759126437
759126438
759126443
759126451
759126452
759126444
759126453
759126454
759126445
759126446
759126455
759126447
759126448
759126456
759126449
759126457
759126450
759126458
759126459
759126462
759126463
759126460
759126461
759126466
759126464
759126465
759126467
759126468
759126469
759126470
759126471
759126475
759126476
759126482
759126483
759126477
759126484
759126478
759126485
759126486
759126479
759126480
759126481
759126498
759126487
759126488
759126499
759126489
759126490
759126500
759126491
759126492
759126501
759126493
759126494
759126495
759126496
759126497
759126502
759126503
759126504
759126508
759126509
759126510
759126505
759126506
759126507
759131503
759131504
759131505
759131526
759131506
759131527
759131528
759131507
759131508
759131529
759131530
759131509
759131510
759131511
759131531
759131512
759131513
759131532
759131514
759131515
759131516
759131533
759131517
759131534
759131518
759131535
759131519
759131520
759131536
759131537
759131538
759131521
759131539
759131522
759131540
759131541
759131523
759131542
759131524
759131525
759131543
759131544
759131566
759131545
759131567
759131546
759131568
759131569
759131570
759131547
759131571
759131572
759131573
759131574
759131548
759131575
759131549
759131576
759131577
759131578
759131579
759131550
759131580
759131551
759131552
759131553
759131581
759131554
759131582
759131555
759131583
759131584
759131585
759131586
759131556
759131587
759131557
759131558
759131559
759131560
759131588
759131561
759131562
759131563
759131589
759131590
759131591
759131564
759131592
759131565
759131593
759136555
759136551
759136556
759136557
759136552
759136553
759136558
759136554
759136559
759136560
759136561
759136565
759136562
759136566
759136567
759136563
759136568
759136569
759136570
759136571
759136564
759141558
759141559
759141568
759141560
759141561
759141562
759141569
759141570
759141571
759141563
759141564
759141572
759141565
759141566
759141573
759141567
759141583
759141574
759141575
759141584
759141576
759141577
759141585
759141586
759141587
759141588
759141578
759141579
759141580
759141589
759141590
759141591
759141592
759141581
759141582
759141593
759141594
759141595
759141614
759141615
759141596
759141597
759141616
759141598
759141599
759141600
759141617
759141601
759141618
759141602
759141619
759141620
759141603
759141604
759141605
759141621
759141606
759141607
759141608
759141622
759141623
759141624
759141609
759141610
759141625
759141626
759141627
759141611
759141628
759141612
759141629
759141630
759141613
759141631
759141632
759141633
759141634
759141635
759141636
759141637
759141649
759141650
759141638
759141651
759141639
759141640
759141641
759141652
759141653
759141642
759141654
759141643
759141644
759141645
759141655
759141646
759141656
759141657
759141647
759141648
759141658
759141659
759146625
759146626
759146627
759146628
759146629
759146630
759146631
759146637
759146632
759146633
759146638
759146634
759146639
759146635
759146636
759146640
759146641
759146642
759146651
759146643
759146652
759146644
759146645
759146653
759146646
759146647
759146648
759146654
759146649
759146650
759146655
759151643
759151663
759151652
759151664
759151653
759151665
759151666
759151654
759151667
759151668
759151669
759151670
759151671
759151672
759151655
759151656
759151657
759151658
759151673
759151674
759151675
759151676
759151659
759151660
759151661
759151662
759151677
759151678
759151679
759151680
759151704
759151681
759151705
759151706
759151682
759151683
759151684
759151707
759151685
759151686
759151687
759151708
759151709
759151710
759151688
759151711
759151712
759151713
759151714
759151689
759151690
759151691
759151692
759151693
759151715
759151694
759151695
759151696
759151716
759151697
759151698
759151717
759151718
759151699
759151700
759151701
759151719
759151720
759151721
759151702
759151703
759151722
759151723
759151725
759151724
759156709
759156710
759156711
759161709
759161710
759166709
759166710
759166711
759166712
759166713
759166714
759166716
759166715
759166717
759166718
759166719
759166720
759166721
759166722
759166723
759166724
759166730
759166731
759166725
759166726
759166732
759166733
759166727
759166728
759166729
759166734
759166736
759166743
759166744
759166747
759166745
759166748
759166746
759166749
759166750
759166751
759166752
759166756
759166757
759166758
759166759
759166753
759166754
759166760
759166761
759166755
759166762
759166763
759166764
759166771
759166765
759166766
759166772
759166767
759166768
759166773
759166774
759166775
759166776
759166769
759166770
759171765
759171764
759171767
759171777
759171771
759171772
759171778
759171779
759171780
759171773
759171781
759171782
759171774
759171783
759171775
759171776
759176776
759176778
759176777
759176779
759176780
759176781
759176782
759176783
759176786
759176784
759176785
759176789
759176792
759176793
759176794
759176795
759176796
759176790
759176791
759176797
759176798
759176799
759176801
759176802
759176803
759176804
759176805
759176812
759176814
759176815
759176813
759176816
759176817
759176819
759176826
759176827
759176828
759176829
759176831
759176832
759176833
759176834
759176835
759181834
759181835
759181836
759181837
759181839
759181840
759181841
759181842
759181838
759181843
759181844
759181849
759181850
759181845
759181846
759181847
759181848
759181851
759181856
759181857
759181869
759181870
759181858
759181859
759181871
759181872
759181873
759181860
759181861
759181862
759181874
759181863
759181875
759181876
759181864
759181865
759181866
759181867
759181868
759181877
759181878
759181879
759181892
759181880
759181881
759181893
759181894
759181882
759181883
759181895
759181896
759181884
759181897
759181885
759181898
759181886
759181899
759181887
759181888
759181889
759181890
759181891
759186890
759186889
759186891
759186897
759186898
759186899
759186907
759186900
759186908
759186901
759186902
759186909
759186903
759186910
759186904
759186905
759186911
759186906
759186912
759186913
759186914
759186916
759186915
759186920
759186925
759186926
759186927
759186921
759186922
759186928
759186923
759186929
759186924
759186930
759186936
759186937
759186933
759186938
759186939
759186940
759186934
759186935
759186946
759186941
759186942
759186947
759186943
759186944
759186945
759186948
759186949
759186950
759186953
759186951
759186952
759186956
759186957
759186958
759186959
759186960
759186965
759186966
759186967
759186969
759186970
759186971
759186972
759186973
759186974
759186984
759186975
759186976
759186977
759186978
759186985
759186979
759186986
759186987
759186980
759186981
759186982
759186988
759186989
759186990
759186991
759186992
759186983
759187017
759187018
759186993
759186994
759186995
759187019
759186996
759186997
759186998
759187020
759186999
759187021
759187022
759187023
759187000
759187001
759187002
759187003
759187004
759187005
759187024
759187025
759187006
759187026
759187027
759187007
759187028
759187008
759187009
759187029
759187010
759187030
759187011
759187031
759187012
759187032
759187013
759187033
759187014
759187015
759187034
759187035
759187016
759187036
759187037
759187038
759187039
759187040
759192029
759192017
759192030
759192018
759192019
759192031
759192020
759192032
759192033
759192021
759192022
759192034
759192035
759192023
759192036
759192024
759192025
759192026
759192027
759192028
759192037
759192041
759192042
759192038
759192043
759192039
759192044
759192040
759192045
759192046
759192047
759192048
759192049
759192064
759192050
759192051
759192052
759192065
759192053
759192054
759192066
759192055
759192056
759192057
759192067
759192068
759192058
759192069
759192059
759192060
759192070
759192061
759192071
759192062
759192063
759192072
759192073
759192076
759192077
759192078
759192079
759192074
759192075
759192080
759192081
759192082
759192083
759192086
759192087
759192092
759192088
759192089
759192090
759192091
759192096
759192097
759192098
759192099
759192100
759192101
759192102
759192104
759192103
759192105
759192106
759192107
759192108
759192109
759192110
759192125
759192111
759192112
759192126
759192127
759192113
759192114
759192115
759192116
759192117
759192128
759192129
759192118
759192119
759192130
759192131
759192120
759192121
759192122
759192123
759192132
759192133
759192134
759192124
759192135
759197117
759197118
759197116
759197119
759197126
759197127
759197135
759197136
759197128
759197137
759197129
759197130
759197138
759197139
759197140
759197141
759197131
759197132
759197142
759197143
759197133
759197134
759197147
759197148
759197149
759197150
759197151
759197152
759197144
759197153
759197154
759197145
759197155
759197146
759197156
759197157
759197158
759197185
759197186
759197187
759197159
759197160
759197188
759197189
759197190
759197161
759197162
759197191
759197163
759197164
759197165
759197192
759197166
759197193
759197194
759197167
759197168
759197195
759197196
759197169
759197197
759197170
759197171
759197198
759197172
759197173
759197174
759197199
759197200
759197175
759197176
759197201
759197202
759197177
759197203
759197178
759197204
759197205
759197206
759197207
759197179
759197180
759197208
759197209
759197210
759197211
759197181
759197212
759197213
759197214
759197215
759197216
759197217
759197182
759197218
759197183
759197184
759197219
759197220
759197221
759197222
759197238
759197223
759197224
759197239
759197225
759197240
759197241
759197226
759197242
759197243
759197244
759197245
759197246
759197227
759197228
759197229
759197247
759197230
759197231
759197232
759197233
759197248
759197249
759197234
759197250
759197235
759197251
759197252
759197236
759197237
759197253
759197254
759202230
759202232
759202231
759202233
759202234
759202235
759202236
759202241
759202242
759202243
759202244
759202245
759202246
759202247
759202237
759202238
759202248
759202239
759202240
759202251
759202249
759202252
759202250
759202253
759202254
759202255
759202256
759202271
759202257
759202272
759202258
759202259
759202273
759202260
759202261
759202262
759202263
759202264
759202274
759202265
759202275
759202276
759202266
759202267
759202268
759202277
759202278
759202269
759202270
759202279
759202280
759202281
759202282
759202283
759202288
759202289
759202290
759202284
759202285
759202286
759202287
759202291
759202293
759202292
759202294
759202295
759202296
759202306
759202307
759202297
759202308
759202309
759202310
759202311
759202312
759202313
759202314
759202315
759202298
759202299
759202316
759202300
759202301
759202302
759202303
759202317
759202318
759202304
759202305
759207303
759207302
759207305
759207306
759207307
759207308
759207309
759207310
759207311
759207325
759207312
759207326
759207327
759207313
759207314
759207328
759207329
759207330
759207315
759207316
759207317
759207331
759207318
759207332
759207319
759207320
759207321
759207333
759207334
759207322
759207335
759207336
759207323
759207337
759207324
759212318
759212319
759212320
759212337
759212321
759212338
759212322
759212339
759212323
759212340
759212324
759212325
759212326
759212327
759212328
759212329
759212341
759212330
759212331
759212332
759212333
759212342
759212343
759212334
759212344
759212345
759212335
759212336
759212353
759212346
759212347
759212348
759212349
759212354
759212350
759212355
759212351
759212356
759212352
759212357
759212358
759212359
759212360
759212361
759212364
759212365
759212362
759212363
759212366
759212367
759212368
759212369
759212372
759212373
759212374
759212377
759212378
759212379
759212375
759212376
759217375
759217376
759217377
759217378
759217379
759217380
759217381
759217382
759217383
759217384
759217401
759217402
759217403
759217404
759217405
759217385
759217386
759217387
759217388
759217389
759217406
759217390
759217391
759217407
759217392
759217408
759217409
759217393
759217410
759217394
759217411
759217395
759217412
759217413
759217396
759217414
759217415
759217416
759217417
759217397
759217398
759217418
759217419
759217399
759217400
759217420
759217421
759217456
759217422
759217423
759217424
759217457
759217425
759217458
759217459
759217426
759217427
759217460
759217461
759217428
759217429
759217462
759217463
759217464
759217465
759217466
759217467
759217430
759217431
759217432
759217468
759217433
759217469
759217434
759217435
759217436
759217437
759217438
759217439
759217440
759217470
759217471
759217472
759217441
759217473
759217474
759217442
759217475
759217476
759217443
759217444
759217477
759217445
759217478
759217446
759217447
759217479
759217480
759217481
759217482
759217483
759217448
759217484
759217449
759217485
759217486
759217487
759217450
759217488
759217451
759217489
759217452
759217490
759217491
759217453
759217454
759217455
759217492
759217493
759217494
759217542
759217543
759217544
759217495
759217545
759217496
759217546
759217547
759217548
759217549
759217497
759217498
759217550
759217551
759217499
759217500
759217501
759217502
759217552
759217553
759217503
759217554
759217504
759217505
759217506
759217555
759217507
759217508
759217509
759217510
759217556
759217511
759217557
759217558
759217559
759217512
759217513
759217514
759217515
759217516
759217517
759217560
759217561
759217562
759217563
759217518
759217564
759217565
759217566
759217519
759217520
759217567
759217521
759217568
759217569
759217522
759217523
759217570
759217524
759217525
759217571
759217572
759217573
759217526
759217527
759217574
759217575
759217576
759217577
759217578
759217528
759217529
759217579
759217530
759217580
759217581
759217582
759217531
759217583
759217584
759217585
759217532
759217586
759217587
759217533
759217534
759217535
759217588
759217536
759217537
759217538
759217589
759217590
759217539
759217540
759217591
759217541
759217592
759217653
759217593
759217654
759217655
759217656
759217594
759217595
759217657
759217658
759217659
759217660
759217596
759217661
759217662
759217663
759217597
759217598
759217664
759217665
759217599
759217600
759217601
759217602
759217666
759217667
759217603
759217604
759217605
759217668
759217669
759217670
759217671
759217672
759217673
759217606
759217607
759217608
759217609
759217674
759217610
759217675
759217676
759217611
759217612
759217613
759217614
759217677
759217615
759217616
759217617
759217618
759217619
759217620
759217621
759217678
759217622
759217679
759217623
759217624
759217680
759217681
759217625
759217626
759217627
759217628
759217629
759217630
759217682
759217683
759217631
759217684
759217685
759217632
759217686
759217687
759217688
759217689
759217690
759217633
759217634
759217635
759217691
759217636
759217692
759217637
759217638
759217639
759217693
759217640
759217641
759217642
759217694
759217643
759217695
759217644
759217696
759217645
759217697
759217646
759217698
759217647
759217699
759217648
759217649
759217650
759217651
759217700
759217701
759217702
759217652
759222633
759222635
759222634
759222636
759222637
759222638
759222644
759222645
759222639
759222640
759222641
759222642
759222643
759227638
759227639
759227640
759227641
759227642
759227643
759227647
759227650
759227651
759227652
759227653
759227656
759227654
759227657
759227658
759227655
759232654
759232655
759232656
759232657
759232658
759232662
759232659
759232663
759232664
759232660
759232665
759232666
759232661
759237665
759237660
759237666
759237661
759237662
759237667
759237663
759237668
759237664
759242663
759242664
759242665
759242672
759242673
759242666
759242667
759242674
759242668
759242669
759242670
759242671
759242675
759242676
759242677
759242681
759242678
759242679
759242682
759242683
759242680
759242684
759242696
759242685
759242697
759242686
759242687
759242698
759242699
759242700
759242701
759242688
759242689
759242702
759242703
759242704
759242690
759242705
759242691
759242692
759242706
759242693
759242707
759242694
759242708
759242695
759242709
759242710
759242711
759242712
759242713
759242714
759242733
759242734
759242715
759242735
759242736
759242716
759242717
759242718
759242719
759242720
759242721
759242737
759242738
759242722
759242723
759242724
759242725
759242739
759242740
759242741
759242726
759242742
759242727
759242743
759242728
759242729
759242730
759242731
759242744
759242732
759242745
759242746
759247716
759247717
759247720
759247718
759247719
759247721
759247722
759247723
759247724
759247731
759247725
759247726
759247727
759247732
759247728
759247733
759247734
759247729
759247735
759247736
759247730
759247737
759247739
759247738
759247740
759247741
759247742
759247743
759247744
759247745
759247749
759247750
759247751
759247752
759247746
759247747
759247748
759247754
759247755
759247759
759247756
759247757
759247760
759247758
759247762
759247761
759247766
759247767
759247768
759247769
759247770
759247771
759247772
759247773
759247775
759247774
759247776
759247777
759247778
759247785
759247779
759247786
759247787
759247780
759247781
759247782
759247783
759247788
759247789
759247784
759247790
759247792
759247791
759247793
759247794
759247797
759247798
759247799
759247795
759247800
759247796
759247802
759247803
759247804
759247805
759247806
759247807
759247808
759247812
759247809
759247813
759247814
759247815
759247810
759247816
759247811
759247818
759247819
759247817
759247826
759247825
759247828
759247829
759247831
759247832
759247830
759247848
759247833
759247849
759247850
759247834
759247835
759247836
759247837
759247851
759247852
759247838
759247839
759247840
759247841
759247842
759247843
759247844
759247853
759247854
759247855
759247845
759247846
759247856
759247857
759247847
759247858
759247859
759247860
759247861
759247862
759247863
759247864
759252857
759252858
759252859
759252861
759252862
759252860
759252863
759252864
759252866
759252865
759252867
759252868
759252869
759252871
759252872
759252873
759252879
759252874
759252875
759252876
759252880
759252877
759252878
759252881
759252883
759252884
759252885
759252886
759252887
759252888
759252889
759252890
759252894
759252891
759252895
759252892
759252896
759252893
759252897
759252898
759252899
759252909
759252910
759252900
759252901
759252902
759252903
759252904
759252911
759252912
759252905
759252906
759252913
759252914
759252915
759252907
759252908
759252916
759252917
759252918
759252919
759257903
759257904
759257910
759257920
759257919
759257921
759257922
759257923
759257942
759257943
759257944
759257924
759257925
759257926
759257927
759257928
759257929
759257930
759257931
759257945
759257932
759257946
759257933
759257947
759257948
759257934
759257949
759257935
759257950
759257936
759257951
759257937
759257938
759257952
759257939
759257940
759257953
759257941
759257954
759257955
759257956
759257957
759257958
759262947
759262948
759262949
759262950
759262959
759262960
759262967
759262961
759262968
759262962
759262963
759262969
759262970
759262964
759262965
759262966
759262971
759262978
759262972
759262973
759262979
759262974
759262975
759262976
759262980
759262977
759262981
759262982
759262983
759262987
759262988
759262989
759262999
759262994
759262995
759262996
759263000
759262997
759262998
759263004
759263005
759263013
759263006
759263007
759263014
759263008
759263015
759263016
759263017
759263018
759263019
759263009
759263010
759263011
759263020
759263012
759263021
759263040
759263041
759263042
759263022
759263023
759263024
759263025
759263026
759263027
759263028
759263043
759263029
759263044
759263045
759263046
759263030
759263031
759263032
759263033
759263034
759263047
759263035
759263048
759263049
759263036
759263037
759263050
759263038
759263051
759263052
759263039
759263053
759263068
759263069
759263070
759263054
759263055
759263071
759263072
759263056
759263057
759263073
759263058
759263074
759263059
759263075
759263076
759263060
759263077
759263061
759263062
759263063
759263078
759263079
759263080
759263081
759263064
759263065
759263082
759263083
759263066
759263084
759263085
759263086
759263087
759263067
759263088
759263090
759263089
759268074
759268075
759268076
759268086
759268077
759268078
759268079
759268080
759268087
759268081
759268082
759268083
759268084
759268085
759268090
759268091
759268092
759268093
759268098
759268094
759268099
759268095
759268096
759268097
759268100
759268101
759273095
759273101
759273096
759273102
759273103
759273104
759273105
759273106
759273097
759273107
759273108
759273098
759273099
759273100
759273109
759273133
759273134
759273110
759273135
759273111
759273112
759273113
759273114
759273115
759273116
759273117
759273136
759273118
759273137
759273119
759273120
759273138
759273139
759273121
759273140
759273122
759273123
759273124
759273141
759273142
759273125
759273126
759273143
759273144
759273145
759273146
759273127
759273147
759273128
759273129
759273148
759273130
759273131
759273132
759273149
759278142
759278129
759278130
759278143
759278131
759278132
759278133
759278144
759278134
759278145
759278146
759278135
759278136
759278137
759278147
759278148
759278149
759278150
759278138
759278151
759278139
759278140
759278141
759278152
759278153
759278154
759278180
759278181
759278182
759278183
759278184
759278155
759278156
759278157
759278185
759278186
759278187
759278158
759278159
759278160
759278161
759278188
759278162
759278163
759278164
759278189
759278165
759278190
759278191
759278192
759278193
759278194
759278166
759278167
759278168
759278169
759278195
759278196
759278197
759278198
759278170
759278171
759278172
759278173
759278199
759278174
759278200
759278201
759278175
759278202
759278176
759278203
759278177
759278204
759278178
759278179
759278205
759278245
759278246
759278206
759278247
759278207
759278248
759278208
759278249
759278209
759278210
759278211
759278250
759278212
759278251
759278252
759278253
759278213
759278254
759278214
759278215
759278255
759278216
759278256
759278257
759278258
759278259
759278260
759278261
759278262
759278217
759278218
759278263
759278219
759278264
759278220
759278265
759278266
759278267
759278221
759278222
759278268
759278269
759278270
759278223
759278271
759278272
759278224
759278273
759278274
759278225
759278226
759278275
759278227
759278228
759278276
759278277
759278229
759278278
759278230
759278231
759278232
759278279
759278280
759278281
759278233
759278234
759278235
759278282
759278236
759278237
759278238
759278239
759278283
759278240
759278241
759278284
759278242
759278285
759278286
759278243
759278287
759278244
759278288
759283238
759283239
759283240
759283245
759283246
759283247
759283241
759283242
759283243
759283244
759283248
759283249
759283252
759283253
759283254
759283263
759283255
759283256
759283264
759283265
759283257
759283258
759283259
759283260
759283261
759283262
759283266
759283268
759283270
759283269
759283277
759283279
759283278
759283280
759283282
759283283
759283284
759283285
759283286
759283296
759283288
759283289
759283290
759283291
759283297
759283298
759283292
759283299
759283293
759283294
759283295
759288293
759288294
759288295
759288296
759288297
759288298
759288299
759288300
759288301
759288306
759288315
759288307
759288316
759288308
759288317
759288309
759288310
759288311
759288318
759288312
759288319
759288313
759288320
759288314
759288321
759288322
759288323
759288324
759288325
759288326
759288327
759288328
759288329
759288346
759288347
759288348
759288349
759288330
759288350
759288351
759288331
759288332
759288352
759288353
759288354
759288355
759288333
759288334
759288335
759288336
759288337
759288338
759288339
759288340
759288341
759288356
759288342
759288343
759288344
759288357
759288358
759288359
759288345
759288360
759288361
759288362
759288363
759288367
759288364
759288368
759288365
759288369
759288370
759288371
759288366
759288372
759288373
759288410
759288374
759288375
759288411
759288376
759288412
759288377
759288413
759288378
759288379
759288414
759288380
759288415
759288416
759288417
759288381
759288418
759288382
759288419
759288383
759288384
759288385
759288386
759288420
759288421
759288422
759288423
759288424
759288387
759288388
759288425
759288426
759288389
759288427
759288390
759288391
759288428
759288392
759288429
759288430
759288393
759288394
759288395
759288396
759288431
759288397
759288432
759288398
759288399
759288433
759288400
759288401
759288434
759288435
759288436
759288402
759288403
759288437
759288438
759288439
759288440
759288441
759288404
759288442
759288405
759288443
759288406
759288407
759288444
759288445
759288446
759288408
759288409
759288447
759293406
759293412
759293407
759293413
759293408
759293414
759293409
759293410
759293411
759293418
759293419
759293420
759293421
759293428
759293429
759293422
759293430
759293423
759293431
759293424
759293425
759293432
759293433
759293426
759293427
759293438
759293434
759293439
759293435
759293436
759293440
759293441
759293437
759293442
759293443
759293444
759293447
759293445
759293446
759293448
759293449
759293456
759293450
759293457
759293451
759293458
759293452
759293453
759293454
759293455
759293459
759293461
759293462
759298462
759298461
759298463
759298464
759298469
759298470
759298471
759303470
759303471
759303472
759303473
759303474
759303475
759303477
759303478
759303479
759303480
759303486
759303487
759303489
759303488
759303492
759303493
759303494
759303495
759303496
759303497
759303498
759303499
759303500
759303501
759303502
759303503
759303505
759303506
759303507
759303511
759303508
759303509
759303510
759303512
759303513
759303514
759303515
759303518
759303516
759303517
759303520
759303524
759303521
759303522
759303523
759303536
759303528
759303529
759303537
759303538
759303539
759303530
759303531
759303532
759303533
759303534
759303535
759303558
759303540
759303559
759303541
759303560
759303542
759303561
759303543
759303544
759303545
759303562
759303563
759303546
759303564
759303565
759303566
759303547
759303548
759303549
759303550
759303551
759303567
759303568
759303552
759303553
759303554
759303569
759303570
759303571
759303572
759303573
759303555
759303556
759303557
759303574
759303575
759303608
759303609
759303576
759303577
759303610
759303578
759303579
759303580
759303611
759303612
759303581
759303582
759303583
759303584
759303613
759303585
759303614
759303586
759303587
759303615
759303616
759303588
759303589
759303617
759303618
759303590
759303619
759303591
759303592
759303620
759303593
759303594
759303595
759303596
759303621
759303597
759303598
759303599
759303600
759303601
759303622
759303602
759303623
759303603
759303604
759303605
759303624
759303606
759303607
759303625
759303626
759303627
759303628
759303640
759303641
759303629
759303630
759303642
759303643
759303631
759303644
759303645
759303646
759303647
759303632
759303648
759303649
759303633
759303650
759303651
759303652
759303653
759303654
759303634
759303655
759303656
759303635
759303636
759303657
759303637
759303658
759303659
759303660
759303661
759303662
759303638
759303639
759303663
759303664
759303665
759303712
759303666
759303667
759303668
759303713
759303669
759303714
759303715
759303716
759303717
759303718
759303670
759303719
759303720
759303721
759303722
759303723
759303724
759303725
759303726
759303671
759303727
759303728
759303729
759303730
759303731
759303732
759303733
759303734
759303672
759303735
759303736
759303673
759303674
759303675
759303737
759303676
759303677
759303738
759303678
759303679
759303680
759303681
759303739
759303682
759303683
759303684
759303685
759303740
759303741
759303742
759303743
759303744
759303686
759303687
759303688
759303745
759303689
759303690
759303691
759303692
759303693
759303694
759303695
759303746
759303696
759303697
759303698
759303747
759303748
759303749
759303699
759303700
759303701
759303750
759303751
759303752
759303753
759303754
759303702
759303703
759303704
759303755
759303756
759303705
759303706
759303707
759303708
759303757
759303709
759303758
759303710
759303711
759303759
759303760
759308707
759308708
759308709
759308710
759308727
759308711
759308712
759308713
759308728
759308729
759308730
759308731
759308714
759308715
759308732
759308716
759308733
759308717
759308718
759308719
759308734
759308720
759308721
759308722
759308735
759308736
759308723
759308737
759308724
759308738
759308739
759308740
759308725
759308741
759308726
759308742
759308743
759308757
759308744
759308758
759308759
759308760
759308761
759308762
759308745
759308763
759308764
759308765
759308746
759308766
759308747
759308748
759308767
759308768
759308769
759308749
759308750
759308751
759308770
759308752
759308771
759308753
759308772
759308754
759308773
759308774
759308755
759308775
759308756
759308776
759308777
759308791
759308792
759308778
759308793
759308779
759308794
759308780
759308781
759308782
759308783
759308795
759308796
759308784
759308797
759308785
759308798
759308786
759308787
759308799
759308788
759308800
759308801
759308802
759308803
759308804
759308805
759308789
759308790
759308806
759308807
759308812
759308813
759308808
759308814
759308809
759308815
759308810
759308811
759308816
759313801
759313803
759313804
759313802
759313805
759313806
759313807
759313808
759313813
759313821
759313830
759313831
759313832
759313833
759313842
759313834
759313843
759313835
759313836
759313837
759313838
759313844
759313839
759313845
759313846
759313847
759313848
759313840
759313849
759313841
759313850
759313853
759313854
759313855
759313851
759313852
759313856
759313857
759313863
759313864
759313865
759313858
759313859
759313860
759313861
759313866
759313862
759313867
759313868
759313869
759313870
759313871
759313872
759313873
759313874
759313906
759313875
759313876
759313877
759313907
759313878
759313879
759313908
759313909
759313910
759313880
759313911
759313881
759313912
759313913
759313882
759313914
759313883
759313915
759313884
759313885
759313886
759313916
759313887
759313917
759313888
759313918
759313889
759313919
759313890
759313891
759313920
759313921
759313892
759313893
759313894
759313895
759313896
759313922
759313923
759313897
759313898
759313924
759313925
759313926
759313899
759313927
759313900
759313901
759313928
759313929
759313930
759313902
759313903
759313904
759313905
759313959
759313960
759313961
759313931
759313932
759313933
759313962
759313963
759313964
759313934
759313965
759313966
759313967
759313968
759313969
759313970
759313935
759313971
759313972
759313936
759313937
759313938
759313939
759313973
759313940
759313941
759313974
759313942
759313943
759313944
759313945
759313946
759313947
759313975
759313948
759313976
759313949
759313950
759313951
759313952
759313977
759313978
759313979
759313953
759313954
759313955
759313980
759313956
759313957
759313958
759313981
759314003
759314004
759313982
759313983
759313984
759314005
759314006
759313985
759313986
759314007
759314008
759314009
759314010
759313987
759314011
759314012
759313988
759314013
759313989
759314014
759314015
759314016
759314017
759314018
759313990
759313991
759313992
759313993
759313994
759313995
759314019
759313996
759313997
759314020
759313998
759313999
759314021
759314000
759314022
759314023
759314001
759314002
759314024
759314025
759314037
759314038
759314026
759314027
759314028
759314029
759314039
759314040
759314030
759314031
759314041
759314042
759314032
759314043
759314033
759314044
759314034
759314045
759314035
759314046
759314047
759314036
759319018
759319022
759319019
759319020
759319021
759324021
759324022
759324026
759324031
759324032
759324028
759324029
759324030
759324033
759324034
759324043
759324035
759324044
759324036
759324037
759324045
759324038
759324046
759324039
759324047
759324048
759324040
759324049
759324041
759324050
759324042
759329040
759329041
759329042
759329043
759329045
759329044
759329046
759329047
759329048
759329055
759329049
759329050
759329051
759329056
759329057
759329052
759329058
759329059
759329053
759329054
759329060
759329061
759329064
759329065
759329066
759329067
759329068
759329069
759329070
759329071
759329082
759329083
759329072
759329084
759329085
759329073
759329074
759329086
759329075
759329087
759329088
759329076
759329089
759329090
759329077
759329078
759329091
759329079
759329080
759329092
759329081
759329093
759329094
759329095
759329107
759329096
759329108
759329097
759329109
759329110
759329111
759329098
759329112
759329099
759329100
759329101
759329102
759329113
759329103
759329114
759329115
759329116
759329117
759329104
759329118
759329119
759329105
759329120
759329121
759329106
759334096
759334097
759334098
759334099
759334100
759334102
759334101
759334103
759334104
759334105
759334106
759334111
759334107
759334112
759334108
759334109
759334110
759334118
759334115
759334119
759334120
759334116
759334121
759334117
759334122
759334123
759334134
759334124
759334125
759334126
759334135
759334127
759334136
759334128
759334129
759334137
759334138
759334130
759334131
759334139
759334140
759334141
759334132
759334142
759334133
759334143
759334144
759334145
759334158
759334146
759334159
759334160
759334147
759334148
759334149
759334150
759334151
759334161
759334152
759334162
759334153
759334154
759334155
759334156
759334157
759334163
759334164
759334165
759334179
759334180
759334166
759334167
759334168
759334169
759334170
759334171
759334172
759334181
759334173
759334182
759334174
759334175
759334176
759334177
759334178
759334183
759334184
759334188
759334189
759334190
759334196
759334197
759334191
759334192
759334198
759334199
759334193
759334194
759334195
759334200
759334202
759334203
759334204
759334205
759334208
759334206
759334209
759334207
759334210
759334211
759334212
759334215
759334213
759334214
759334216
759334217
759334220
759334218
759334221
759334219
759334228
759334227
759334229
759334230
759334231
759334232
759334233
759334234
759334245
759334246
759334235
759334236
759334237
759334247
759334238
759334239
759334248
759334240
759334241
759334249
759334250
759334242
759334243
759334244
759334251
759334252
759334253
759334254
759334255
759334256
759334267
759334268
759334257
759334258
759334259
759334269
759334260
759334270
759334261
759334262
759334263
759334264
759334271
759334265
759334266
759334272
759334273
759334274
759334275
759334291
759334292
759334293
759334294
759334295
759334296
759334276
759334277
759334278
759334279
759334280
759334297
759334281
759334298
759334282
759334283
759334299
759334284
759334285
759334286
759334300
759334287
759334301
759334288
759334289
759334290
759334302
759334303
759339280
759339281
759339282
759344281
759344282
759344285
759344286
759344287
759344283
759344284
759344288
759344289
759344290
759344301
759344302
759344303
759344291
759344292
759344293
759344294
759344304
759344305
759344306
759344307
759344295
759344296
759344297
759344298
759344299
759344300
759344308
759344309
759344310
759344353
759344311
759344312
759344313
759344314
759344354
759344315
759344316
759344355
759344356
759344357
759344358
759344317
759344359
759344318
759344319
759344360
759344320
759344321
759344361
759344362
759344363
759344364
759344365
759344366
759344322
759344323
759344367
759344368
759344369
759344370
759344324
759344371
759344325
759344326
759344327
759344372
759344328
759344373
759344374
759344329
759344330
759344331
759344332
759344333
759344375
759344376
759344377
759344378
759344379
759344334
759344335
759344336
759344337
759344338
759344380
759344381
759344339
759344340
759344382
759344383
759344341
759344342
759344384
759344343
759344344
759344385
759344386
759344345
759344346
759344347
759344387
759344388
759344348
759344349
759344389
759344350
759344351
759344352
759344390
759344391
759344392
759344393
759344434
759344435
759344436
759344394
759344395
759344437
759344438
759344439
759344396
759344440
759344397
759344398
759344441
759344442
759344399
759344400
759344401
759344443
759344402
759344403
759344444
759344445
759344446
759344447
759344448
759344404
759344449
759344450
759344405
759344451
759344406
759344407
759344452
759344408
759344453
759344409
759344454
759344455
759344410
759344456
759344411
759344412
759344413
759344414
759344415
759344416
759344457
759344417
759344458
759344459
759344418
759344419
759344460
759344461
759344420
759344462
759344421
759344463
759344422
759344464
759344423
759344424
759344425
759344465
759344466
759344426
759344427
759344428
759344467
759344468
759344469
759344470
759344471
759344472
759344429
759344430
759344473
759344474
759344431
759344475
759344432
759344476
759344477
759344433
759344478
759344479
759344480
759344481
759344496
759344497
759344482
759344483
759344484
759344485
759344498
759344486
759344487
759344499
759344500
759344501
759344502
759344488
759344489
759344490
759344503
759344504
759344505
759344506
759344491
759344507
759344492
759344493
759344508
759344494
759344495
759344509
759349462
759349463
759349472
759349473
759349474
759349475
759349478
759349477
759349479
759349480
759349481
759349482
759354478
759354479
759354480
759354486
759354487
759354481
759354482
759354488
759354483
759354484
759354489
759354490
759354485
759354491
759354497
759354492
759354493
759354498
759354499
759354494
759354500
759354495
759354501
759354502
759354496
759354511
759354512
759354503
759354504
759354513
759354505
759354506
759354514
759354507
759354515
759354516
759354508
759354517
759354518
759354509
759354519
759354510
759354520
759354521
759354522
759354523
759354524
759354525
759354526
759354547
759354527
759354528
759354548
759354529
759354549
759354550
759354530
759354551
759354531
759354552
759354553
759354554
759354555
759354556
759354532
759354557
759354533
759354534
759354535
759354536
759354558
759354537
759354559
759354538
759354560
759354539
759354540
759354541
759354542
759354543
759354561
759354544
759354545
759354562
759354546
759354563
759354564
759354571
759354572
759354565
759354573
759354574
759354575
759354566
759354567
759354568
759354569
759354576
759354577
759354570
759359559
759359561
759359560
759359562
759359563
759359565
759359566
759359567
759359564
759359568
759359573
759359574
759359575
759359576
759359577
759359569
759359578
759359570
759359579
759359571
759359580
759359572
759359581
759359582
759359596
759359583
759359597
759359598
759359584
759359599
759359600
759359585
759359586
759359601
759359587
759359588
759359589
759359602
759359590
759359591
759359603
759359592
759359593
759359594
759359604
759359595
759359605
759359616
759359617
759359606
759359618
759359607
759359619
759359608
759359620
759359621
759359609
759359610
759359611
759359612
759359622
759359623
759359613
759359614
759359624
759359615
759359638
759359625
759359626
759359627
759359628
759359639
759359629
759359640
759359641
759359630
759359631
759359632
759359633
759359634
759359642
759359635
759359643
759359644
759359645
759359636
759359646
759359647
759359648
759359637
759359649
759359660
759359661
759359662
759359650
759359651
759359652
759359653
759359654
759359663
759359655
759359656
759359657
759359658
759359659
759359664
759359665
759359710
759359711
759359666
759359712
759359667
759359713
759359714
759359715
759359668
759359716
759359717
759359669
759359718
759359670
759359719
759359720
759359671
759359672
759359673
759359721
759359722
759359674
759359723
759359724
759359725
759359675
759359676
759359677
759359726
759359727
759359728
759359678
759359729
759359679
759359680
759359730
759359681
759359731
759359732
759359682
759359683
759359733
759359684
759359734
759359685
759359735
759359686
759359687
759359736
759359737
759359738
759359688
759359739
759359740
759359689
759359741
759359690
759359742
759359691
759359692
759359693
759359743
759359694
759359744
759359695
759359696
759359697
759359745
759359698
759359699
759359746
759359747
759359748
759359749
759359700
759359701
759359702
759359703
759359704
759359705
759359706
759359750
759359751
759359752
759359707
759359753
759359708
759359754
759359755
759359709
759359756
759359757
759359802
759359758
759359803
759359759
759359760
759359804
759359761
759359762
759359763
759359764
759359805
759359765
759359806
759359766
759359807
759359808
759359767
759359768
759359809
759359769
759359770
759359810
759359811
759359771
759359812
759359772
759359773
759359813
759359814
759359815
759359774
759359775
759359776
759359777
759359816
759359778
759359779
759359817
759359818
759359819
759359820
759359780
759359781
759359782
759359821
759359822
759359823
759359824
759359825
759359826
759359827
759359783
759359828
759359829
759359784
759359830
759359785
759359786
759359831
759359787
759359832
759359788
759359833
759359789
759359834
759359835
759359836
759359837
759359838
759359839
759359840
759359841
759359790
759359791
759359842
759359843
759359844
759359792
759359845
759359846
759359793
759359847
759359848
759359849
759359850
759359794
759359795
759359851
759359796
759359797
759359852
759359853
759359798
759359854
759359855
759359856
759359857
759359799
759359800
759359858
759359859
759359801
759359898
759359899
759359860
759359861
759359862
759359900
759359901
759359863
759359902
759359903
759359864
759359865
759359904
759359866
759359867
759359905
759359868
759359869
759359870
759359871
759359906
759359907
759359872
759359873
759359908
759359909
759359910
759359874
759359911
759359912
759359875
759359876
759359913
759359877
759359878
759359879
759359880
759359914
759359881
759359882
759359883
759359884
759359885
759359886
759359915
759359887
759359888
759359916
759359889
759359890
759359891
759359892
759359917
759359918
759359893
759359894
759359895
759359919
759359920
759359921
759359896
759359897
759359922
759359923
