5000
759060696
759060696
759060696
759060696
759060697
759060697
759060698
759060699
759060700
759060700
759060700
759060701
759060701
759060701
759060702
759060702
759060702
759060703
759060703
759060703
759060703
759060704
759060704
759060705
759060706
759060707
759060710
759060710
759060710
759060711
759060712
759060713
759060714
759060714
759060715
759060716
759060724
759060725
759060725
759060725
759060726
759060727
759060728
759060728
759060729
759060730
759060730
759060730
759060730
759060730
759060730
759065730
759065731
759065732
759065732
759065732
759065733
759065733
759065733
759065734
759065734
759065734
759065735
759065735
759065735
759065739
759065739
759065739
759065739
759065739
759065739
759065739
759065740
759065740
759065740
759065740
759065741
759065742
759065742
759065743
759065746
759065746
759065746
759065746
759065747
759065747
759065748
759065749
759065750
759065751
759065752
759065752
759065758
759065759
759065766
759065766
759065767
759065768
759065768
759065769
759065769
759065769
759065769
759065770
759065771
759065771
759065772
759065772
759065773
759065773
759065773
759065774
759065774
759065775
759065775
759065775
759065776
759065776
759065777
759065777
759065785
759065786
759065786
759065786
759065787
759065787
759065788
759065789
759065789
759065789
759065789
759065789
759065789
759065789
759065790
759065790
759065790
759065791
759065791
759065791
759065792
759065792
759065793
759065793
759065794
759065795
759065796
759065796
759065796
759065797
759065798
759065799
759065800
759065800
759065800
759065801
759065802
759065802
759065803
759065803
759065804
759065804
759065809
759065810
759065810
759065811
759065811
759065811
759065812
759065812
759065812
759065813
759065813
759065813
759065813
759065814
759065815
759065815
759065824
759065825
759065825
759065826
759065830
759065831
759065831
759065831
759065832
759065832
759065832
759065833
759065833
759065834
759065834
759065834
759065834
759065834
759065834
759065841
759065841
759070841
759070841
759070842
759070843
759070844
759070844
759070844
759070845
759070846
759070846
759070847
759070847
759070847
759070847
759070847
759070847
759070847
759070847
759070847
759070848
759070848
759070848
759070848
759070849
759070849
759070849
759070849
759070850
759070851
759070851
759070851
759070852
759070852
759070852
759075852
759075853
759075854
759075854
759075855
759075856
759075857
759075857
759075857
759075857
759075857
759075858
759075859
759075859
759075859
759075859
759075860
759075862
759075863
759075863
759075863
759075866
759075871
759075880
759075888
759075888
759075889
759075897
759075897
759075897
759075898
759075898
759075906
759075906
759075907
759075907
759075907
759075908
759075908
759075909
759075909
759075910
759075911
759075911
759075912
759075913
759075914
759075915
759075915
759075915
759075915
759075923
759075923
759075924
759075925
759075926
759075926
759075927
759075927
759075927
759075928
759075929
759075929
759075930
759075930
759075930
759075930
759075931
759075931
759075932
759075932
759075932
759075933
759075934
759075934
759075934
759075941
759075941
759075941
759075941
759075942
759075942
759075942
759075942
759075942
759075943
759075946
759075946
759075946
759075947
759080947
759080947
759080947
759080948
759080949
759080950
759080950
759080951
759080952
759080953
759080954
759080954
759080957
759080958
759080958
759080958
759080958
759080959
759080959
759080962
759080962
759080963
759080963
759080964
759080964
759080964
759080965
759080965
759080966
759080966
759080966
759080966
759080967
759080967
759080968
759080968
759080969
759080970
759080971
759080972
759080972
759080973
759080973
759080973
759080973
759080973
759080974
759080974
759080974
759080974
759080976
759080976
759080977
759080978
759080978
759080979
759080979
759080979
759080979
759080980
759080981
759080982
759080982
759080982
759080982
759080983
759080983
759080983
759080984
759080984
759080985
759080986
759080987
759080987
759080988
759080988
759080989
759080989
759080989
759080990
759080991
759080991
759081000
759081001
759081001
759081002
759081003
759086003
759086003
759086004
759086005
759086006
759086006
759086007
759086007
759086015
759086015
759086015
759086015
759086015
759086018
759086019
759086020
759086028
759086029
759086029
759086030
759086031
759086032
759086032
759086032
759086032
759086033
759086041
759086041
759086042
759086043
759086043
759086043
759086044
759086044
759086045
759086046
759086047
759086048
759086048
759086049
759086050
759091050
759091050
759091051
759091051
759091051
759091051
759091051
759091051
759091052
759091052
759091053
759091054
759091054
759091058
759091058
759091058
759091058
759091058
759091058
759091059
759091066
759091067
759096067
759096067
759096068
759096069
759096071
759096072
759096073
759096073
759096073
759096073
759096074
759096074
759096082
759096083
759096083
759096083
759096084
759096084
759096085
759096086
759096087
759096087
759096087
759096087
759096087
759096087
759096088
759096089
759096090
759096091
759096091
759096092
759096092
759096093
759096094
759096094
759096094
759096094
759096095
759096103
759096103
759096104
759096104
759096109
759096109
759096110
759096110
759096111
759096111
759096120
759096120
759096121
759096122
759096122
759096122
759096122
759096123
759096123
759096123
759096124
759096125
759096125
759096125
759096125
759096125
759096126
759096126
759096126
759096126
759096126
759096126
759096128
759101128
759101129
759101130
759101130
759101131
759101131
759101132
759101132
759101133
759101133
759101134
759101138
759101141
759101141
759101142
759101142
759101147
759101148
759101149
759101149
759101150
759101151
759101156
759101156
759101157
759101157
759101157
759101157
759101158
759101158
759101158
759101158
759101159
759101159
759101159
759101159
759101159
759101160
759101161
759101162
759101163
759101164
759101165
759101165
759101166
759101166
759101166
759101174
759101181
759101181
759101183
759101184
759101184
759101185
759101185
759101186
759101187
759101188
759101189
759101189
759101190
759101190
759101191
759101191
759101192
759101192
759101192
759101192
759101192
759101192
759101193
759101193
759101193
759101193
759101193
759101193
759101193
759101193
759101193
759101200
759101201
759101202
759101203
759101203
759101203
759101204
759101204
759101212
759101212
759101212
759101220
759101221
759101222
759101223
759101224
759101224
759101224
759101233
759101234
759101235
759101236
759101237
759101237
759101237
759101237
759101237
759101238
759101238
759101239
759101240
759101240
759106240
759106240
759106240
759106240
759106240
759106240
759106240
759106240
759106240
759106240
759106241
759106250
759106251
759106252
759106253
759106253
759106253
759106254
759106254
759106255
759106255
759106261
759106261
759106262
759106263
759106263
759106263
759106263
759106264
759106265
759106266
759106266
759106266
759106267
759106267
759106267
759106268
759106269
759106269
759106269
759106270
759106270
759106270
759106270
759106270
759106271
759106272
759106272
759106273
759106274
759106274
759106275
759106276
759106280
759106281
759106283
759106285
759106285
759106285
759106285
759106286
759106287
759106287
759106287
759106288
759106289
759106289
759106289
759106289
759106289
759106289
759106290
759106292
759111292
759111292
759111293
759111294
759111303
759111303
759111304
759111304
759111305
759111306
759111307
759111308
759111309
759111309
759111309
759111309
759111309
759111309
759111310
759111310
759111311
759111312
759111316
759111317
759111317
759111317
759111318
759111319
759111328
759111328
759111329
759111329
759111329
759111329
759111329
759111330
759111330
759111330
759111330
759111331
759111331
759111331
759111332
759111332
759111332
759111332
759111333
759111333
759111334
759111339
759111340
759111340
759111341
759111342
759111343
759111344
759111344
759111344
759111345
759111346
759111346
759111352
759111352
759111352
759111352
759111352
759111352
759111352
759116352
759116353
759116353
759116353
759116353
759116354
759116354
759116354
759116355
759116355
759116356
759116357
759116357
759116358
759116359
759116363
759116363
759116363
759116363
759116364
759116364
759116365
759116366
759121366
759121374
759121375
759121375
759121376
759121376
759121377
759121377
759121378
759121378
759126378
759126379
759126380
759126380
759126380
759126381
759126382
759126383
759126383
759126384
759126387
759126387
759126388
759126388
759126389
759126390
759126392
759126392
759126393
759126394
759126395
759126396
759126396
759126397
759126398
759126398
759126399
759126400
759126400
759126401
759126401
759126402
759126403
759126403
759126404
759126404
759126405
759126406
759126407
759126408
759126408
759126414
759126414
759126414
759126414
759126415
759126416
759126416
759126416
759126416
759126416
759126416
759126421
759126421
759126421
759126430
759126430
759126430
759126430
759126431
759126432
759126433
759126433
759126434
759126434
759126434
759126440
759126440
759126440
759126441
759126441
759126441
759126442
759126443
759126446
759126447
759126448
759126449
759126450
759126450
759126450
759126451
759126452
759126453
759126453
759126454
759126463
759126463
759126464
759126464
759126464
759126465
759126466
759126466
759126475
759126476
759126476
759126476
759126476
759126476
759126476
759126476
759126476
759126477
759126477
759126478
759126486
759126486
759126486
759126487
759126487
759126487
759126488
759126489
759126490
759126490
759126491
759126491
759126491
759126492
759126492
759126494
759126501
759126501
759126502
759126502
759126503
759126503
759126503
759126503
759131503
759131503
759131504
759131505
759131505
759131506
759131506
759131507
759131507
759131507
759131507
759131508
759131508
759131508
759131509
759131509
759131509
759131510
759131512
759131512
759131513
759131514
759131515
759131515
759131515
759131516
759131517
759131517
759131517
759131517
759131517
759131517
759131517
759131517
759131517
759131518
759131518
759131518
759131523
759131523
759131527
759131527
759131527
759131527
759131527
759131527
759131528
759131529
759131529
759131530
759131531
759131534
759131534
759131534
759131535
759131536
759131536
759131536
759131536
759131537
759131537
759131537
759131538
759131538
759131539
759131539
759131540
759131540
759131541
759131541
759131542
759131542
759131542
759131542
759131542
759131543
759131543
759131543
759131543
759131544
759131544
759131544
759131544
759131544
759131548
759131549
759131549
759131550
759131551
759131551
759131551
759136551
759136551
759136551
759136552
759136552
759136552
759136553
759136553
759136554
759136555
759136555
759136556
759136556
759136556
759136557
759136557
759136558
759136558
759136558
759136558
759136558
759141558
759141559
759141560
759141560
759141561
759141562
759141563
759141563
759141563
759141563
759141563
759141564
759141564
759141564
759141564
759141564
759141569
759141570
759141570
759141571
759141572
759141572
759141574
759141575
759141575
759141576
759141576
759141577
759141577
759141577
759141577
759141577
759141577
759141578
759141578
759141579
759141579
759141580
759141584
759141584
759141584
759141585
759141586
759141587
759141587
759141588
759141588
759141588
759141588
759141589
759141593
759141593
759141594
759141595
759141595
759141595
759141596
759141596
759141596
759141604
759141605
759141605
759141606
759141606
759141607
759141607
759141608
759141609
759141610
759141611
759141611
759141611
759141612
759141613
759141613
759141613
759141614
759141614
759141614
759141615
759141615
759141615
759141615
759141615
759141615
759141615
759141616
759141617
759141617
759141618
759141619
759141620
759141621
759141622
759141622
759141622
759141623
759141623
759141624
759141624
759141625
759141625
759146625
759146626
759146627
759146628
759146629
759146630
759146630
759146631
759146631
759146631
759146631
759146631
759146632
759146632
759146633
759146633
759146633
759146639
759146639
759146639
759146639
759146639
759146639
759146639
759146640
759146641
759146641
759146642
759146642
759146643
759146643
759151643
759151652
759151652
759151652
759151652
759151652
759151652
759151652
759151653
759151653
759151653
759151654
759151655
759151655
759151655
759151655
759151655
759151655
759151655
759151656
759151657
759151658
759151659
759151659
759151659
759151660
759151660
759151665
759151665
759151666
759151666
759151666
759151667
759151667
759151668
759151668
759151668
759151673
759151673
759151674
759151675
759151676
759151677
759151677
759151678
759151678
759151678
759151678
759151678
759151679
759151679
759151680
759151681
759151681
759151681
759151682
759151682
759151683
759151683
759151683
759151687
759151687
759151687
759151687
759151687
759151695
759151696
759151697
759151698
759151699
759151700
759151700
759151701
759151709
759151709
759156709
759156709
759156709
759161709
759161709
759166709
759166710
759166710
759166712
759166713
759166714
759166715
759166715
759166715
759166716
759166716
759166717
759166718
759166718
759166723
759166724
759166724
759166724
759166724
759166725
759166725
759166726
759166726
759166727
759166727
759166727
759166736
759166743
759166743
759166744
759166744
759166745
759166746
759166747
759166748
759166748
759166749
759166749
759166750
759166750
759166750
759166751
759166752
759166752
759166752
759166753
759166754
759166754
759166754
759166759
759166760
759166760
759166761
759166762
759166762
759166763
759166763
759166764
759166764
759166764
759166764
759171764
759171764
759171767
759171771
759171771
759171772
759171772
759171772
759171772
759171773
759171773
759171773
759171774
759171774
759171775
759171776
759176776
759176776
759176777
759176778
759176779
759176779
759176780
759176781
759176781
759176782
759176782
759176789
759176790
759176790
759176790
759176790
759176790
759176790
759176790
759176790
759176793
759176794
759176801
759176802
759176803
759176803
759176803
759176812
759176813
759176813
759176813
759176814
759176815
759176819
759176826
759176827
759176828
759176829
759176831
759176832
759176833
759176834
759176834
759181834
759181835
759181835
759181836
759181836
759181837
759181837
759181837
759181838
759181838
759181839
759181840
759181841
759181842
759181845
759181846
759181846
759181847
759181856
759181856
759181856
759181856
759181856
759181856
759181856
759181857
759181857
759181858
759181858
759181859
759181859
759181859
759181860
759181860
759181860
759181860
759181861
759181861
759181862
759181862
759181871
759181871
759181876
759181877
759181877
759181877
759181877
759181877
759181878
759181878
759181879
759181880
759181880
759181880
759181880
759181881
759181881
759181881
759181881
759181882
759181883
759181889
759186889
759186889
759186889
759186897
759186898
759186899
759186899
759186899
759186899
759186900
759186901
759186901
759186901
759186902
759186902
759186903
759186904
759186904
759186910
759186911
759186911
759186912
759186913
759186920
759186920
759186921
759186921
759186921
759186921
759186921
759186922
759186923
759186923
759186926
759186933
759186933
759186933
759186933
759186933
759186934
759186934
759186934
759186939
759186940
759186940
759186941
759186942
759186942
759186943
759186944
759186944
759186947
759186948
759186948
759186948
759186956
759186956
759186957
759186957
759186958
759186965
759186966
759186966
759186969
759186969
759186970
759186970
759186973
759186974
759186974
759186974
759186975
759186976
759186977
759186977
759186978
759186979
759186980
759186980
759186981
759186981
759186981
759186981
759186981
759186981
759186982
759186982
759186989
759186990
759186991
759186991
759186991
759186992
759186993
759186994
759186994
759186994
759186995
759186995
759186995
759186996
759186996
759187001
759187002
759187002
759187002
759187002
759187003
759187003
759187003
759187004
759187005
759187005
759187005
759187006
759187006
759187006
759187006
759187006
759187007
759187008
759187009
759187010
759187011
759187011
759187013
759187014
759187014
759187014
759187014
759187017
759187017
759187017
759187017
759187017
759192017
759192017
759192018
759192018
759192018
759192018
759192018
759192018
759192018
759192019
759192019
759192019
759192019
759192020
759192021
759192022
759192022
759192022
759192023
759192023
759192031
759192032
759192033
759192034
759192038
759192038
759192038
759192039
759192039
759192039
759192040
759192047
759192047
759192047
759192047
759192047
759192047
759192047
759192047
759192048
759192048
759192048
759192048
759192049
759192050
759192050
759192050
759192051
759192057
759192057
759192058
759192058
759192058
759192058
759192059
759192066
759192067
759192068
759192069
759192070
759192073
759192073
759192073
759192074
759192078
759192078
759192078
759192086
759192086
759192086
759192087
759192087
759192088
759192088
759192096
759192096
759192097
759192098
759192099
759192100
759192101
759192102
759192103
759192104
759192105
759192105
759192106
759192106
759192106
759192107
759192107
759192108
759192109
759192109
759192109
759192109
759192109
759192109
759192110
759192110
759192111
759192112
759192112
759192112
759192112
759192112
759192112
759192112
759192112
759192112
759192112
759192116
759192116
759192116
759197116
759197116
759197116
759197117
759197126
759197126
759197127
759197127
759197127
759197127
759197127
759197127
759197127
759197127
759197128
759197129
759197129
759197130
759197132
759197132
759197132
759197133
759197140
759197141
759197141
759197141
759197142
759197143
759197144
759197144
759197144
759197144
759197144
759197144
759197145
759197146
759197147
759197148
759197149
759197149
759197150
759197150
759197150
759197151
759197151
759197152
759197153
759197154
759197155
759197156
759197157
759197157
759197157
759197158
759197159
759197159
759197160
759197160
759197161
759197161
759197162
759197163
759197164
759197164
759197164
759197165
759197165
759197166
759197166
759197166
759197166
759197167
759197171
759197171
759197171
759197172
759197172
759197172
759197173
759197173
759197173
759197173
759197173
759197174
759197175
759197175
759197175
759197175
759197175
759197175
759197176
759197177
759197178
759197178
759197179
759197180
759197181
759197188
759197188
759197188
759197189
759197190
759197191
759197191
759197191
759197192
759197192
759197193
759197193
759197193
759197193
759197194
759197195
759197195
759197200
759197208
759197208
759197208
759197209
759197209
759197209
759197209
759197209
759197210
759197211
759197216
759197216
759197217
759197218
759197227
759197227
759197227
759197230
759202230
759202230
759202231
759202232
759202232
759202233
759202234
759202234
759202234
759202235
759202235
759202235
759202236
759202236
759202237
759202237
759202237
759202238
759202239
759202248
759202248
759202249
759202250
759202250
759202251
759202251
759202252
759202253
759202253
759202254
759202255
759202255
759202255
759202255
759202256
759202257
759202257
759202258
759202260
759202260
759202261
759202263
759202263
759202264
759202264
759202264
759202265
759202266
759202267
759202272
759202273
759202274
759202280
759202280
759202280
759202280
759202280
759202280
759202281
759202282
759202282
759202291
759202291
759202292
759202293
759202293
759202293
759202294
759202294
759202295
759202295
759202296
759202296
759202296
759202296
759202297
759202297
759202297
759202297
759202298
759202298
759202298
759202298
759202299
759202299
759202300
759202300
759202301
759202302
759207302
759207302
759207305
759207306
759207306
759207307
759207308
759207308
759207309
759207310
759207311
759207311
759207311
759207311
759207312
759207312
759207312
759207312
759207313
759207314
759207315
759207315
759207315
759207315
759207316
759207316
759207316
759207316
759207316
759207316
759207317
759207318
759207318
759207318
759207318
759212318
759212319
759212320
759212321
759212321
759212322
759212322
759212323
759212323
759212323
759212324
759212324
759212324
759212324
759212324
759212325
759212325
759212326
759212327
759212328
759212328
759212328
759212329
759212330
759212334
759212334
759212335
759212336
759212344
759212345
759212345
759212345
759212345
759212346
759212347
759212347
759212347
759212348
759212348
759212353
759212354
759212354
759212355
759212356
759212357
759212357
759212361
759212362
759212362
759212363
759212367
759212368
759212372
759212373
759212374
759212374
759212374
759212374
759212374
759212375
759217375
759217376
759217377
759217378
759217379
759217379
759217380
759217380
759217380
759217381
759217381
759217381
759217382
759217383
759217384
759217384
759217385
759217385
759217386
759217386
759217386
759217386
759217387
759217388
759217388
759217389
759217390
759217391
759217391
759217391
759217391
759217391
759217392
759217392
759217392
759217393
759217393
759217393
759217393
759217393
759217393
759217393
759217393
759217399
759217399
759217400
759217401
759217402
759217402
759217403
759217403
759217403
759217404
759217405
759217406
759217407
759217407
759217408
759217409
759217410
759217411
759217411
759217411
759217411
759217411
759217412
759217413
759217413
759217413
759217413
759217413
759217413
759217414
759217414
759217414
759217414
759217415
759217421
759217422
759217422
759217423
759217424
759217425
759217426
759217427
759217427
759217427
759217427
759217428
759217429
759217430
759217430
759217434
759217435
759217435
759217436
759217436
759217444
759217445
759217446
759217446
759217446
759217447
759217447
759217447
759217447
759217447
759217447
759217447
759217448
759217449
759217452
759217453
759217453
759217453
759217453
759217453
759217458
759217458
759217458
759217458
759217458
759217458
759217459
759217459
759217467
759217468
759217468
759217468
759217475
759217476
759217476
759217477
759217477
759217477
759217477
759217477
759217478
759217478
759217479
759217480
759217480
759217481
759217481
759217482
759217483
759217483
759217483
759217483
759217483
759217484
759217490
759217490
759217490
759217490
759217492
759217492
759217493
759217493
759217493
759217493
759217497
759217498
759217499
759217499
759217502
759217503
759217503
759217503
759217503
759217504
759217504
759217504
759217505
759217506
759217506
759217506
759217508
759217509
759217510
759217511
759217515
759217515
759217524
759217524
759217524
759217524
759217524
759217524
759217524
759217524
759217524
759217525
759217525
759217526
759217526
759217527
759217527
759217528
759217529
759217529
759217529
759217529
759217530
759217531
759217534
759217535
759217536
759217536
759217536
759217537
759217537
759217538
759217539
759217539
759217540
759217541
759217542
759217543
759217543
759217543
759217543
759217544
759217544
759217544
759217544
759217545
759217549
759217549
759217550
759217550
759217550
759217558
759217558
759217558
759217559
759217562
759217563
759217563
759217564
759217564
759217564
759217565
759217565
759217566
759217567
759217567
759217567
759217567
759217570
759217571
759217572
759217573
759217574
759217575
759217579
759217588
759217589
759217589
759217590
759217590
759217591
759217591
759217592
759217592
759217592
759217593
759217594
759217594
759217594
759217595
759217596
759217596
759217604
759217604
759217605
759217606
759217606
759217607
759217608
759217608
759217609
759217609
759217609
759217609
759217610
759217611
759217611
759217611
759217612
759217612
759217613
759217613
759217614
759217615
759217615
759217616
759217616
759217616
759217616
759217617
759217618
759217618
759217618
759217619
759217620
759217620
759217620
759217620
759217621
759217621
759217621
759217621
759217622
759217622
759217626
759217627
759217627
759217630
759217630
759217630
759217630
759217631
759217632
759217632
759217633
759217633
759217633
759222633
759222634
759222634
759222634
759222635
759222636
759222636
759222637
759222637
759222638
759222638
759222638
759222638
759227638
759227639
759227639
759227640
759227641
759227642
759227647
759227650
759227651
759227652
759227653
759227653
759227653
759227654
759227654
759227654
759232654
759232654
759232655
759232656
759232657
759232657
759232657
759232658
759232658
759232659
759232659
759232659
759232660
759237660
759237660
759237661
759237661
759237662
759237662
759237663
759237663
759237663
759242663
759242664
759242664
759242664
759242664
759242664
759242665
759242665
759242665
759242665
759242665
759242665
759242666
759242667
759242673
759242673
759242674
759242675
759242675
759242676
759242677
759242681
759242682
759242683
759242683
759242684
759242684
759242684
759242684
759242684
759242685
759242685
759242686
759242687
759242687
759242687
759242688
759242688
759242689
759242692
759242693
759242693
759242694
759242694
759242695
759242695
759242695
759242695
759242696
759242697
759242698
759242698
759242698
759242699
759242700
759242701
759242702
759242702
759242702
759242703
759242703
759242703
759242704
759242704
759242705
759242705
759242705
759242706
759242706
759242707
759242707
759242708
759242709
759242710
759242711
759242711
759242711
759242712
759242713
759242714
759242715
759242715
759242716
759242716
759247716
759247716
759247717
759247718
759247719
759247720
759247721
759247721
759247722
759247723
759247723
759247723
759247723
759247723
759247723
759247724
759247724
759247724
759247724
759247725
759247725
759247725
759247734
759247735
759247736
759247736
759247741
759247742
759247742
759247742
759247743
759247743
759247744
759247745
759247745
759247747
759247747
759247754
759247755
759247755
759247756
759247757
759247757
759247757
759247761
759247761
759247766
759247767
759247768
759247768
759247769
759247770
759247771
759247772
759247773
759247774
759247775
759247776
759247777
759247778
759247778
759247778
759247779
759247780
759247780
759247781
759247781
759247782
759247782
759247783
759247784
759247791
759247791
759247791
759247792
759247793
759247794
759247795
759247795
759247795
759247796
759247802
759247803
759247804
759247804
759247805
759247805
759247806
759247807
759247808
759247809
759247809
759247809
759247810
759247810
759247811
759247817
759247817
759247817
759247825
759247825
759247828
759247829
759247830
759247830
759247830
759247832
759247832
759247832
759247832
759247832
759247833
759247834
759247835
759247836
759247837
759247837
759247837
759247837
759247838
759247838
759247839
759247840
759247841
759247842
759247842
759247843
759247843
759247843
759247843
759247843
759247852
759247853
759247854
759247854
759247855
759247856
759247857
759252857
759252858
759252858
759252859
759252859
759252860
759252860
759252861
759252862
759252862
759252863
759252864
759252864
759252871
759252872
759252872
759252873
759252874
759252874
759252875
759252875
759252875
759252877
759252877
759252883
759252884
759252885
759252886
759252886
759252887
759252887
759252887
759252888
759252888
759252889
759252892
759252892
759252893
759252894
759252895
759252896
759252896
759252896
759252896
759252897
759252897
759252897
759252898
759252898
759252898
759252899
759252899
759252899
759252900
759252900
759252901
759252901
759252901
759252901
759252902
759252903
759257903
759257903
759257910
759257919
759257919
759257920
759257921
759257921
759257921
759257921
759257922
759257922
759257923
759257923
759257923
759257924
759257925
759257925
759257926
759257927
759257927
759257927
759257927
759257928
759257929
759257930
759257932
759257932
759257932
759257933
759257934
759257935
759257936
759257936
759257938
759257938
759257939
759257940
759257940
759257940
759257940
759257947
759257947
759262947
759262947
759262948
759262950
759262959
759262959
759262961
759262961
759262961
759262961
759262961
759262961
759262961
759262961
759262962
759262962
759262969
759262970
759262971
759262972
759262973
759262974
759262975
759262976
759262977
759262977
759262980
759262981
759262981
759262987
759262987
759262987
759262994
759262994
759262995
759262995
759262996
759262996
759262997
759263004
759263004
759263005
759263005
759263005
759263006
759263006
759263007
759263008
759263009
759263009
759263009
759263009
759263010
759263010
759263010
759263011
759263011
759263016
759263016
759263016
759263016
759263016
759263017
759263017
759263018
759263018
759263019
759263020
759263021
759263022
759263023
759263023
759263023
759263024
759263025
759263026
759263026
759263026
759263026
759263026
759263026
759263026
759263027
759263028
759263028
759263028
759263037
759263038
759263045
759263045
759263045
759263045
759263046
759263047
759263048
759263049
759263050
759263050
759263050
759263050
759263050
759263050
759263050
759263051
759263051
759263051
759263052
759263053
759263053
759263053
759263053
759263054
759263054
759263054
759263055
759263056
759263056
759263056
759263057
759263058
759263063
759263064
759263065
759263073
759263074
759263074
759268074
759268075
759268075
759268076
759268076
759268076
759268077
759268077
759268078
759268079
759268080
759268081
759268081
759268082
759268090
759268091
759268091
759268092
759268092
759268092
759268092
759268092
759268093
759268094
759268095
759268095
759273095
759273095
759273096
759273097
759273097
759273097
759273097
759273097
759273097
759273097
759273097
759273097
759273097
759273098
759273104
759273105
759273107
759273107
759273107
759273107
759273107
759273108
759273108
759273108
759273108
759273109
759273110
759273111
759273111
759273111
759273112
759273112
759273113
759273113
759273113
759273114
759273115
759273115
759273116
759273116
759273116
759273116
759273116
759273121
759273122
759273123
759273124
759273125
759273125
759273126
759273127
759273128
759273128
759273129
759273129
759278129
759278129
759278129
759278129
759278129
759278130
759278130
759278130
759278130
759278130
759278130
759278130
759278131
759278131
759278131
759278133
759278134
759278134
759278135
759278136
759278136
759278137
759278138
759278140
759278148
759278154
759278154
759278154
759278154
759278154
759278154
759278154
759278154
759278154
759278155
759278156
759278156
759278156
759278157
759278157
759278158
759278159
759278160
759278161
759278161
759278162
759278163
759278163
759278164
759278164
759278165
759278165
759278165
759278165
759278165
759278166
759278166
759278166
759278167
759278167
759278170
759278170
759278171
759278172
759278173
759278174
759278174
759278174
759278174
759278174
759278174
759278174
759278175
759278175
759278176
759278179
759278180
759278181
759278182
759278183
759278183
759278183
759278184
759278184
759278184
759278185
759278186
759278186
759278186
759278186
759278187
759278187
759278187
759278189
759278190
759278190
759278191
759278191
759278192
759278193
759278193
759278194
759278195
759278195
759278196
759278197
759278198
759278199
759278200
759278201
759278201
759278202
759278202
759278203
759278204
759278205
759278205
759278206
759278206
759278207
759278207
759278207
759278207
759278215
759278215
759278216
759278217
759278217
759278217
759278217
759278218
759278218
759278219
759278220
759278220
759278221
759278221
759278221
759278222
759278222
759278223
759278223
759278223
759278231
759278232
759278233
759278234
759278235
759278235
759278235
759278235
759278236
759278236
759278237
759278238
759278238
759278238
759278238
759278238
759278238
759283238
759283239
759283240
759283240
759283240
759283240
759283240
759283240
759283241
759283242
759283243
759283244
759283252
759283253
759283253
759283254
759283255
759283256
759283257
759283257
759283257
759283258
759283259
759283259
759283259
759283260
759283261
759283268
759283268
759283269
759283277
759283277
759283278
759283279
759283282
759283282
759283283
759283284
759283284
759283288
759283288
759283288
759283288
759283289
759283289
759283292
759283292
759283292
759283293
759283293
759283293
759288293
759288294
759288294
759288294
759288294
759288294
759288295
759288296
759288300
759288306
759288307
759288307
759288307
759288308
759288308
759288309
759288309
759288309
759288310
759288310
759288310
759288312
759288313
759288314
759288314
759288315
759288315
759288316
759288317
759288318
759288319
759288319
759288319
759288320
759288320
759288320
759288320
759288321
759288322
759288323
759288323
759288324
759288324
759288325
759288326
759288327
759288328
759288328
759288329
759288330
759288331
759288331
759288332
759288333
759288334
759288335
759288336
759288337
759288338
759288339
759288342
759288343
759288343
759288351
759288352
759288352
759288353
759288354
759288354
759288355
759288356
759288357
759288357
759288358
759288361
759288361
759288367
759288368
759288368
759288369
759288369
759288370
759288370
759288370
759288371
759288371
759288372
759288372
759288372
759288373
759288373
759288373
759288374
759288374
759288374
759288374
759288374
759288374
759288375
759288376
759288377
759288378
759288378
759288378
759288379
759288379
759288379
759288380
759288380
759288380
759288381
759288382
759288382
759288382
759288382
759288382
759288382
759288383
759288383
759288384
759288384
759288390
759288390
759288390
759288390
759288390
759288390
759288390
759288391
759288392
759288400
759288400
759288400
759288400
759288400
759288400
759288401
759288402
759288402
759288402
759288402
759288402
759288403
759288403
759288403
759288404
759288404
759288404
759288404
759288405
759288406
759293406
759293406
759293406
759293406
759293407
759293407
759293407
759293408
759293409
759293418
759293419
759293420
759293421
759293421
759293422
759293422
759293423
759293423
759293424
759293424
759293424
759293425
759293426
759293426
759293426
759293430
759293430
759293431
759293431
759293431
759293431
759293431
759293432
759293432
759293433
759293433
759293440
759293440
759293440
759293441
759293447
759293448
759293448
759293448
759293449
759293450
759293451
759293452
759293454
759293455
759293456
759293461
759293461
759298461
759298461
759298461
759298461
759298469
759298470
759298470
759303470
759303471
759303472
759303472
759303472
759303473
759303477
759303477
759303477
759303478
759303486
759303487
759303487
759303487
759303492
759303492
759303493
759303494
759303494
759303495
759303498
759303498
759303499
759303499
759303500
759303500
759303505
759303506
759303506
759303507
759303507
759303507
759303508
759303512
759303513
759303514
759303514
759303514
759303514
759303515
759303520
759303521
759303521
759303522
759303522
759303528
759303528
759303528
759303529
759303529
759303530
759303530
759303531
759303532
759303533
759303534
759303534
759303538
759303539
759303539
759303539
759303539
759303539
759303540
759303541
759303542
759303543
759303543
759303543
759303544
759303544
759303544
759303546
759303547
759303548
759303548
759303548
759303549
759303549
759303549
759303550
759303551
759303552
759303553
759303553
759303553
759303554
759303554
759303555
759303556
759303557
759303558
759303558
759303559
759303559
759303562
759303568
759303569
759303575
759303576
759303576
759303576
759303576
759303577
759303578
759303578
759303578
759303579
759303579
759303579
759303581
759303582
759303582
759303582
759303582
759303582
759303582
759303589
759303589
759303590
759303590
759303590
759303590
759303590
759303590
759303590
759303590
759303591
759303591
759303591
759303592
759303594
759303594
759303595
759303596
759303597
759303598
759303598
759303599
759303599
759303599
759303607
759303608
759303609
759303609
759303609
759303610
759303611
759303611
759303611
759303611
759303611
759303612
759303612
759303613
759303613
759303614
759303614
759303615
759303615
759303615
759303615
759303615
759303615
759303616
759303616
759303617
759303617
759303617
759303618
759303619
759303619
759303627
759303627
759303627
759303629
759303630
759303630
759303630
759303631
759303631
759303632
759303633
759303641
759303641
759303641
759303642
759303642
759303643
759303643
759303644
759303644
759303645
759303646
759303647
759303648
759303649
759303649
759303649
759303649
759303649
759303649
759303650
759303650
759303651
759303652
759303652
759303653
759303654
759303654
759303654
759303655
759303655
759303655
759303655
759303655
759303656
759303656
759303661
759303662
759303663
759303664
759303665
759303666
759303670
759303670
759303670
759303671
759303671
759303672
759303673
759303680
759303681
759303681
759303681
759303681
759303683
759303683
759303684
759303685
759303686
759303686
759303691
759303691
759303691
759303692
759303692
759303693
759303693
759303694
759303695
759303695
759303695
759303696
759303697
759303697
759303697
759303698
759303698
759303699
759303699
759303700
759303701
759303701
759303701
759303702
759303703
759303703
759303703
759303704
759303705
759303705
759303706
759303706
759303706
759303706
759303706
759303707
759308707
759308707
759308708
759308708
759308710
759308710
759308710
759308711
759308711
759308711
759308711
759308712
759308713
759308713
759308714
759308714
759308714
759308715
759308716
759308717
759308717
759308718
759308718
759308718
759308719
759308720
759308720
759308721
759308721
759308722
759308723
759308724
759308725
759308726
759308726
759308727
759308728
759308728
759308728
759308737
759308737
759308738
759308738
759308738
759308739
759308739
759308740
759308740
759308741
759308741
759308741
759308741
759308742
759308743
759308744
759308745
759308746
759308746
759308747
759308748
759308749
759308749
759308749
759308749
759308749
759308750
759308750
759308750
759308750
759308751
759308760
759308760
759308761
759308761
759308762
759308762
759308762
759308762
759308763
759308763
759308763
759308763
759308764
759308764
759308764
759308765
759308774
759308774
759308775
759308775
759308776
759308777
759308778
759308778
759308779
759308780
759308780
759308781
759308781
759308782
759308783
759308792
759308792
759308798
759308798
759308798
759308798
759308798
759308798
759308801
759313801
759313801
759313802
759313802
759313802
759313805
759313806
759313806
759313813
759313821
759313830
759313831
759313832
759313833
759313833
759313833
759313833
759313834
759313834
759313835
759313835
759313835
759313835
759313835
759313835
759313839
759313840
759313840
759313841
759313841
759313846
759313846
759313847
759313849
759313849
759313850
759313850
759313851
759313856
759313856
759313857
759313858
759313859
759313860
759313861
759313861
759313862
759313863
759313863
759313863
759313863
759313864
759313864
759313864
759313864
759313864
759313864
759313864
759313865
759313866
759313867
759313868
759313869
759313869
759313869
759313870
759313870
759313870
759313870
759313870
759313870
759313870
759313870
759313870
759313870
759313876
759313876
759313877
759313877
759313878
759313879
759313879
759313879
759313879
759313879
759313880
759313881
759313881
759313882
759313882
759313882
759313883
759313884
759313884
759313885
759313885
759313891
759313892
759313893
759313893
759313893
759313893
759313897
759313897
759313898
759313898
759313898
759313898
759313899
759313899
759313899
759313908
759313908
759313908
759313908
759313909
759313909
759313912
759313912
759313912
759313912
759313913
759313914
759313915
759313916
759313917
759313918
759313918
759313919
759313919
759313919
759313920
759313925
759313925
759313929
759313930
759313931
759313932
759313932
759313933
759313934
759313935
759313935
759313935
759313936
759313936
759313936
759313939
759313940
759313941
759313942
759313943
759313943
759313944
759313944
759313953
759313954
759313955
759313956
759313957
759313958
759313959
759313960
759313960
759313961
759313961
759313962
759313962
759313962
759313962
759313962
759313962
759313962
759313963
759313963
759313963
759313963
759313964
759313964
759313965
759313966
759313966
759313970
759313976
759313977
759313977
759313978
759313978
759313984
759313984
759313984
759313993
759313994
759313994
759313996
759313997
759313997
759313997
759313998
759313998
759313998
759313999
759314000
759314000
759314001
759314001
759314004
759314005
759314005
759314005
759314006
759314006
759314006
759314007
759314007
759314008
759314008
759314008
759314009
759314010
759314010
759314010
759314011
759314012
759314012
759314012
759314017
759314018
759319018
759319018
759319019
759319020
759319021
759324021
759324021
759324026
759324028
759324028
759324028
759324028
759324028
759324031
759324032
759324032
759324033
759324034
759324034
759324034
759324034
759324038
759324038
759324038
759324038
759324039
759324040
759324040
759324040
759324040
759324040
759329040
759329040
759329041
759329042
759329043
759329044
759329045
759329046
759329047
759329048
759329049
759329050
759329050
759329050
759329051
759329052
759329053
759329053
759329053
759329053
759329054
759329055
759329064
759329065
759329066
759329067
759329068
759329069
759329069
759329070
759329070
759329070
759329070
759329070
759329071
759329071
759329072
759329072
759329073
759329073
759329073
759329074
759329075
759329075
759329075
759329075
759329076
759329077
759329077
759329077
759329077
759329086
759329087
759329087
759329087
759329088
759329088
759329089
759329089
759329090
759329090
759329091
759329092
759329093
759329093
759329094
759329094
759329094
759329094
759329094
759329094
759329094
759329094
759329095
759329095
759329095
759329095
759329095
759329096
759329096
759334096
759334097
759334098
759334098
759334099
759334099
759334099
759334099
759334099
759334100
759334104
759334104
759334105
759334105
759334105
759334106
759334106
759334115
759334115
759334115
759334116
759334116
759334117
759334117
759334118
759334119
759334119
759334122
759334123
759334123
759334123
759334124
759334124
759334124
759334125
759334126
759334127
759334127
759334127
759334128
759334128
759334128
759334129
759334129
759334130
759334130
759334136
759334136
759334136
759334137
759334137
759334139
759334139
759334140
759334141
759334141
759334141
759334148
759334149
759334150
759334150
759334151
759334151
759334151
759334151
759334151
759334159
759334159
759334159
759334160
759334160
759334161
759334162
759334163
759334164
759334165
759334166
759334166
759334167
759334168
759334169
759334170
759334171
759334171
759334171
759334179
759334179
759334188
759334189
759334189
759334189
759334189
759334190
759334190
759334190
759334191
759334192
759334193
759334193
759334193
759334202
759334203
759334204
759334204
759334205
759334206
759334206
759334206
759334207
759334207
759334210
759334211
759334212
759334213
759334215
759334216
759334217
759334218
759334219
759334219
759334227
759334227
759334227
759334228
759334228
759334229
759334230
759334230
759334231
759334231
759334231
759334232
759334232
759334233
759334233
759334233
759334234
759334234
759334235
759334236
759334236
759334237
759334238
759334239
759334247
759334247
759334248
759334248
759334249
759334249
759334254
759334254
759334255
759334255
759334255
759334255
759334256
759334257
759334257
759334258
759334259
759334260
759334261
759334265
759334266
759334266
759334267
759334268
759334269
759334270
759334270
759334271
759334271
759334271
759334271
759334271
759334271
759334272
759334272
759334272
759334273
759334273
759334274
759334275
759334276
759334276
759334277
759334278
759334278
759334278
759334278
759334278
759334279
759334280
759334280
759334280
759334280
759339280
759339281
759339281
759344281
759344282
759344283
759344283
759344283
759344283
759344283
759344284
759344284
759344288
759344288
759344288
759344288
759344289
759344290
759344290
759344290
759344291
759344291
759344291
759344292
759344295
759344295
759344295
759344295
759344296
759344296
759344301
759344302
759344302
759344303
759344304
759344305
759344305
759344305
759344306
759344306
759344306
759344307
759344307
759344308
759344308
759344308
759344308
759344308
759344309
759344309
759344309
759344309
759344309
759344309
759344309
759344310
759344310
759344310
759344310
759344310
759344310
759344315
759344315
759344315
759344315
759344316
759344316
759344317
759344317
759344317
759344318
759344319
759344319
759344320
759344320
759344321
759344321
759344321
759344321
759344321
759344322
759344323
759344323
759344324
759344324
759344325
759344326
759344326
759344326
759344327
759344328
759344329
759344330
759344333
759344340
759344340
759344341
759344342
759344342
759344343
759344343
759344343
759344343
759344343
759344343
759344343
759344343
759344344
759344345
759344345
759344346
759344347
759344347
759344348
759344351
759344356
759344357
759344358
759344358
759344366
759344366
759344366
759344367
759344369
759344369
759344374
759344382
759344382
759344382
759344383
759344384
759344384
759344384
759344384
759344385
759344386
759344387
759344388
759344389
759344389
759344389
759344390
759344390
759344390
759344391
759344392
759344392
759344398
759344398
759344399
759344399
759344399
759344399
759344400
759344401
759344401
759344402
759344402
759344403
759344405
759344406
759344406
759344407
759344414
759344414
759344415
759344416
759344416
759344416
759344417
759344417
759344418
759344419
759344420
759344421
759344422
759344422
759344422
759344422
759344422
759344423
759344423
759344423
759344424
759344425
759344425
759344426
759344427
759344427
759344427
759344428
759344428
759344428
759344429
759344430
759344430
759344431
759344432
759344432
759344433
759344433
759344434
759344435
759344436
759344437
759344437
759344438
759344439
759344440
759344440
759344440
759344441
759344442
759344449
759344449
759344449
759344449
759344450
759344451
759344452
759344452
759344458
759344458
759344458
759344458
759344459
759344459
759344459
759344460
759344461
759344461
759344462
759349462
759349463
759349472
759349473
759349474
759349474
759349477
759349477
759349477
759349477
759349478
759349478
759354478
759354478
759354478
759354479
759354480
759354480
759354481
759354481
759354482
759354483
759354484
759354484
759354485
759354490
759354490
759354490
759354491
759354492
759354492
759354492
759354492
759354493
759354493
759354493
759354493
759354499
759354499
759354500
759354501
759354502
759354505
759354505
759354505
759354506
759354506
759354506
759354506
759354506
759354507
759354507
759354508
759354509
759354518
759354519
759354519
759354520
759354520
759354521
759354521
759354522
759354522
759354522
759354522
759354522
759354523
759354524
759354528
759354528
759354528
759354529
759354529
759354529
759354529
759354529
759354530
759354530
759354530
759354531
759354531
759354531
759354531
759354532
759354532
759354537
759354537
759354537
759354537
759354538
759354538
759354538
759354538
759354538
759354538
759354539
759354539
759354540
759354549
759354550
759354550
759354550
759354551
759354551
759354551
759354551
759354555
759354556
759354557
759354558
759354559
759354559
759359559
759359559
759359560
759359560
759359561
759359562
759359563
759359564
759359564
759359564
759359568
759359568
759359568
759359568
759359568
759359569
759359570
759359570
759359571
759359571
759359572
759359572
759359572
759359578
759359578
759359578
759359578
759359578
759359579
759359579
759359580
759359580
759359580
759359582
759359583
759359584
759359585
759359586
759359586
759359587
759359587
759359591
759359592
759359593
759359594
759359595
759359596
759359597
759359597
759359598
759359598
759359598
759359598
759359598
759359599
759359600
759359600
759359601
759359602
759359603
759359603
759359604
759359612
759359613
759359614
759359614
759359619
759359619
759359619
759359619
759359620
759359621
759359621
759359622
759359622
759359622
759359622
759359622
759359622
759359629
759359630
759359630
759359631
759359631
759359632
759359633
759359633
759359635
759359635
759359635
759359636
759359639
759359644
759359644
759359644
759359645
759359647
759359653
759359654
759359655
759359655
759359656
759359657
759359658
759359659
759359659
759359660
759359661
759359662
759359662
759359663
759359663
759359664
759359664
759359664
759359665
759359665
759359665
759359665
759359666
759359666
759359666
759359667
759359667
759359667
759359668
759359668
759359668
759359668
759359668
759359668
759359668
759359669
759359670
759359670
759359670
759359670
759359670
759359671
759359671
759359671
759359671
759359671
759359672
759359673
759359674
759359677
759359678
759359678
759359678
759359678
759359679
759359679
759359679
759359679
759359680
759359680
759359680
759359681
759359682
759359682
759359682
759359683
759359683
759359683
759359684
759359684
759359684
759359684
759359685
759359685
759359685
759359686
759359686
759359690
759359690
759359690
759359690
759359690
759359690
759359691
759359692
759359692
759359693
759359693
759359693
759359694
759359695
759359696
759359697
759359698
759359698
759359698
759359699
759359704
759359704
759359704
759359713
759359714
759359714
759359714
759359715
759359716
759359716
759359717
759359717
759359717
759359717
759359718
759359718
759359727
759359727
759359727
759359727
759359727
759359728
759359728
759359729
759359729
759359730
759359731
759359731
759359732
759359732
759359732
759359733
759359734
759359734
759359735
759359735
759359736
759359736
759359737
759359738
759359738
759359744
759359745
759359745
759359746
759359746
759359746
759359746
759359746
759359746
759359746
759359746
759359746
759359746
759359746
759359747
759359748
759359755
759359755
759359756
759359756
759359756
759359764
759359765
759359766
759359767
759359767
759359771
759359772
759359772
759359772
759359773
759359773
759359774
759359774
759359774
759359775
759359775
759359775
759359775
759359775
759359775
759359776
759359777
759359778
759359779
759359780
759359781
759359781
759359782
759359782
759359782
759359783
759359784
759359784
759359785
759359786
759359786
759359787
759359787
759359788
759359792
759359793
759359794
759359794
759359794
759359795
759359803
759359804
759359804
759359804
759359805
759359806
759359807
759359808
759359808
759359809
759359810
759359810
759359811
759359811
759359811
759359811
759359814
759359814
759359815
759359815
759359816
759359817
759359818
759359818
759359819
759359819
759359820
759359820
759359820
759359820
759359820
759359820
759359820
759359821
759359821
759359821
759359821
759359822
759359822
759359822
759359822
759359822
759359823
759359824
759359824
759359824
759359824
759359825
759359826
759359827
759359830
759359830
759359830
759359830
759359830
759359831
759359831
759359832
759359832
759359833
759359833
759359834
759359835
759359836
5000
1
0
1
1
0
1
0
1
0
0
0
0
0
0
1
0
0
1
0
1
1
1
1
0
0
0
1
0
0
0
0
0
1
1
0
0
1
1
1
1
1
1
1
1
1
0
1
1
0
0
0
1
1
1
0
1
1
0
0
0
0
1
0
0
1
0
1
1
1
0
1
0
1
0
1
0
1
1
1
0
1
0
1
1
0
0
0
1
1
0
0
1
1
0
0
0
0
0
1
0
0
1
1
1
0
1
0
0
1
1
1
1
0
1
1
1
1
0
1
1
1
0
1
0
1
0
0
1
1
0
1
1
1
0
0
0
0
1
0
0
1
0
0
1
1
0
1
0
0
1
1
1
1
1
1
1
1
0
1
0
0
0
1
1
0
1
0
1
1
0
0
0
1
1
0
1
0
1
1
0
1
1
0
0
1
1
0
0
0
0
0
1
1
0
1
1
0
1
1
1
1
0
1
1
0
0
1
1
0
1
1
1
1
0
1
1
0
0
0
0
0
0
1
0
1
1
0
1
1
1
0
1
0
0
1
1
0
1
0
0
0
0
0
1
1
1
0
0
1
0
1
0
1
0
0
0
1
0
1
1
1
1
0
1
1
1
0
0
1
1
0
1
0
0
1
0
1
0
1
1
0
1
0
0
1
1
0
0
1
1
0
0
1
1
1
0
0
1
0
1
1
1
0
0
0
1
0
0
1
0
1
1
1
1
1
0
0
0
1
0
0
0
1
1
0
0
1
0
0
0
1
1
0
1
1
1
1
1
0
0
0
0
1
0
1
1
1
0
0
0
0
0
0
0
1
0
1
1
1
1
0
1
1
1
0
0
0
0
1
0
0
0
1
0
1
0
1
1
1
1
0
1
0
1
1
1
0
1
0
0
0
0
0
1
0
1
0
0
0
0
0
1
0
1
0
0
0
1
1
0
1
0
0
1
0
0
1
0
1
1
1
1
0
0
0
1
1
1
0
1
1
0
0
0
0
1
1
0
1
1
0
1
1
0
0
1
1
1
0
0
1
1
0
1
1
1
0
0
1
1
1
1
0
0
1
1
0
0
1
1
0
0
0
0
1
1
1
0
0
0
0
1
0
1
0
1
0
1
1
1
0
0
0
0
1
1
1
1
1
0
1
0
1
1
1
1
0
1
0
0
0
0
0
1
0
1
0
1
0
1
0
1
1
1
1
0
0
1
1
1
0
1
1
1
0
0
0
1
1
1
1
1
1
0
0
1
1
0
0
1
1
0
1
0
0
0
0
0
0
0
0
1
1
1
1
1
0
0
0
0
0
1
0
0
1
0
0
0
1
1
1
0
1
1
1
1
1
1
0
0
0
0
0
0
1
1
0
1
0
0
1
0
0
0
0
1
1
0
1
1
0
0
0
1
1
1
1
0
1
1
1
0
0
1
1
1
0
1
0
1
0
0
1
1
0
1
0
1
1
1
0
1
0
1
0
0
0
1
1
1
1
1
1
1
1
1
0
0
0
0
0
1
1
0
1
1
0
0
0
1
0
1
1
1
0
1
0
1
0
0
1
1
1
1
0
0
1
1
1
1
0
0
1
0
0
1
0
0
0
1
0
1
1
1
1
0
1
1
1
1
1
0
1
1
1
0
0
1
0
1
1
0
1
1
1
0
1
1
0
1
1
1
1
1
0
0
0
0
1
1
1
1
0
0
0
1
0
0
1
1
1
1
1
0
0
1
0
1
0
0
1
0
1
1
0
0
1
1
0
1
0
1
1
1
0
0
1
1
1
1
0
0
1
0
1
0
1
0
0
1
1
0
0
0
0
1
1
1
1
1
0
0
1
0
1
0
1
0
0
0
0
1
1
0
0
1
1
0
0
0
1
0
1
1
0
0
0
1
1
0
0
1
1
0
0
1
0
0
1
1
0
1
1
0
1
1
0
0
0
1
1
0
1
0
1
1
1
0
1
0
0
1
0
0
0
1
0
0
0
1
1
0
0
0
1
0
1
1
1
0
1
0
1
0
0
0
1
1
1
0
1
0
0
1
1
0
1
1
0
1
1
0
0
1
0
0
1
0
1
0
1
1
0
0
1
1
1
0
0
1
1
1
1
1
0
0
1
1
0
1
0
1
1
0
0
0
0
1
1
0
1
1
0
1
1
0
1
1
1
1
1
0
0
0
1
1
1
0
0
0
1
0
0
1
0
1
1
0
0
1
1
0
0
0
1
0
0
1
0
0
0
1
0
1
0
1
0
0
1
1
1
0
1
0
1
1
0
1
0
0
1
1
0
1
0
1
0
0
0
1
0
0
0
0
1
0
1
0
0
0
0
1
0
1
1
1
0
1
0
1
0
0
0
0
1
0
1
1
1
1
0
1
1
1
0
0
0
1
0
1
0
0
1
0
0
1
1
0
1
0
0
0
1
0
1
1
0
1
1
1
1
0
1
1
0
1
1
1
0
0
0
1
1
0
1
1
0
1
1
0
0
1
0
0
1
1
1
1
0
0
0
1
1
1
1
0
0
1
1
1
0
0
1
1
0
1
1
1
0
1
0
1
0
0
1
1
1
0
1
1
1
0
0
0
1
1
0
0
0
1
0
1
0
0
1
0
0
0
0
0
0
0
1
1
0
1
0
0
0
1
1
0
1
0
0
0
1
0
1
1
0
0
1
1
1
1
1
0
0
1
1
0
1
1
0
1
0
1
1
0
0
0
1
0
1
0
0
1
0
0
0
1
0
0
1
0
0
1
0
1
0
0
1
0
0
0
0
0
0
1
1
1
1
0
0
0
0
1
1
1
1
0
0
0
0
1
0
1
1
0
0
0
1
0
0
0
1
1
1
0
1
1
1
1
0
0
0
0
0
1
0
0
0
1
0
0
1
1
0
0
0
1
1
1
0
0
1
1
0
1
1
1
1
1
1
1
1
0
1
0
1
0
1
0
0
0
0
0
0
0
0
1
1
0
0
1
1
0
0
0
1
1
0
0
1
0
1
0
1
1
1
1
0
0
0
0
1
1
0
0
1
0
0
0
1
0
0
1
0
0
1
1
1
1
0
0
0
1
1
0
1
1
0
0
0
1
0
0
1
0
1
1
1
0
1
0
1
1
1
1
0
1
1
0
1
1
1
1
1
0
0
1
1
0
0
1
1
1
1
0
1
1
0
1
0
0
0
0
1
1
1
1
1
1
1
0
0
0
0
1
1
1
1
0
1
1
0
0
1
1
1
1
0
1
1
0
0
1
1
0
0
0
1
1
1
0
1
0
0
1
1
1
1
1
0
0
0
1
0
0
1
1
0
0
1
1
0
1
0
1
0
1
0
0
0
0
0
0
1
0
1
0
0
1
0
1
0
0
1
0
1
0
0
1
0
1
1
1
0
1
1
0
0
0
1
1
0
1
0
1
0
0
0
1
0
0
0
1
1
1
0
0
1
0
0
0
1
1
1
0
1
1
0
0
0
1
1
0
1
1
1
1
1
1
1
1
0
1
1
1
1
0
1
0
0
1
1
1
0
0
0
0
0
1
1
1
0
0
0
1
0
0
0
1
0
1
1
1
0
0
0
0
0
0
1
1
0
1
1
0
1
0
0
1
0
1
0
1
0
1
0
1
0
0
1
1
0
1
1
1
1
1
0
1
0
1
1
0
1
0
0
1
1
0
0
1
0
1
1
1
1
1
0
1
1
0
1
0
1
0
1
1
1
1
1
0
1
1
1
0
1
1
0
1
1
1
0
0
1
0
1
1
0
1
0
1
1
0
0
1
1
1
1
0
0
1
1
1
0
1
1
0
1
1
1
1
1
0
0
0
0
1
1
0
1
0
1
1
1
1
1
0
1
1
0
0
1
1
1
1
1
0
0
1
1
0
0
1
1
1
1
0
0
0
1
0
0
0
1
0
0
0
1
1
0
1
0
0
1
1
1
1
0
0
1
1
0
0
0
0
0
0
0
0
1
0
0
1
0
1
0
0
0
1
1
1
0
0
1
1
1
0
0
1
0
0
0
1
0
1
1
0
0
1
1
0
1
0
0
1
0
0
0
1
1
0
0
1
1
0
1
0
1
1
1
1
0
0
1
1
1
1
0
1
1
1
1
1
1
0
1
0
0
1
1
1
1
0
1
1
0
1
0
0
1
0
0
0
0
0
1
1
1
0
1
1
1
1
0
0
1
0
1
0
0
1
1
0
0
1
0
1
0
0
0
0
1
1
1
1
1
1
1
0
0
1
0
0
0
1
0
1
0
0
0
0
1
0
1
0
0
1
0
0
0
0
0
1
0
1
1
0
0
0
1
1
0
0
0
0
0
0
0
1
1
1
0
0
0
0
1
0
1
0
0
0
1
1
0
1
1
1
1
1
1
1
1
0
0
1
0
0
0
0
1
1
0
0
0
1
1
1
0
0
0
0
0
1
0
1
1
0
0
1
1
1
0
0
0
1
0
1
0
0
0
1
1
0
1
1
0
1
0
1
0
1
0
1
0
1
0
1
0
1
1
1
1
1
1
0
1
1
1
1
0
0
1
0
0
1
1
1
0
0
0
0
1
0
1
0
1
0
1
1
1
1
1
0
0
1
1
0
0
1
1
1
1
1
0
0
0
1
1
0
1
0
1
1
1
1
1
1
1
0
0
0
0
0
1
1
1
1
1
0
1
1
0
1
0
0
1
0
1
0
1
0
0
1
0
0
0
0
1
1
0
0
1
1
0
0
1
0
0
0
1
0
1
1
0
0
1
1
0
0
1
1
1
1
1
1
0
0
0
1
0
1
0
0
0
0
0
0
0
1
1
1
0
1
1
0
1
1
0
0
1
0
1
0
0
1
1
1
1
1
0
1
0
1
1
1
0
1
0
1
0
1
1
0
0
0
1
1
1
0
0
0
1
0
1
0
0
0
0
1
1
0
0
1
1
1
1
0
0
1
0
1
1
1
0
1
1
1
1
0
1
0
0
0
1
1
1
1
1
1
0
0
0
0
1
0
0
0
1
1
0
1
0
0
1
1
0
1
1
0
0
0
1
1
0
0
0
0
0
1
1
0
1
0
0
0
1
0
0
0
1
0
0
1
1
1
0
1
1
1
0
0
1
1
0
1
0
1
0
1
1
1
0
0
1
1
1
1
0
1
1
1
0
0
1
1
0
0
0
0
1
1
0
0
0
1
1
1
1
1
1
0
0
0
0
1
0
1
1
0
0
0
0
1
0
0
0
0
0
0
0
1
0
1
0
0
1
1
0
0
0
0
0
0
1
1
0
1
1
0
1
1
1
1
1
0
0
0
1
0
1
0
0
0
1
0
0
0
1
0
1
0
1
0
1
0
1
0
1
0
0
0
0
1
1
1
0
0
1
0
1
1
1
0
0
1
1
1
1
1
1
0
0
1
1
1
1
0
1
1
1
0
1
0
0
1
1
0
0
0
0
1
0
1
1
0
1
1
0
0
1
0
1
1
0
1
0
1
1
1
1
0
0
1
1
0
1
1
1
1
0
0
0
1
0
0
1
1
0
1
0
1
0
1
1
0
0
0
0
1
1
0
0
0
1
0
1
1
0
1
0
1
0
1
0
0
0
0
0
0
1
1
0
1
1
0
0
0
0
0
0
1
1
0
0
0
0
1
1
1
0
1
0
1
0
0
0
0
1
0
1
1
1
1
0
1
1
0
1
1
1
0
1
1
1
0
1
0
0
1
0
0
1
0
1
0
1
1
1
1
1
1
0
0
0
0
1
1
1
0
0
1
0
0
1
0
0
1
0
1
0
0
0
0
1
1
0
1
0
0
0
1
0
1
1
0
0
0
0
1
1
0
1
0
1
0
0
1
1
1
0
1
0
0
1
1
1
0
0
0
1
0
1
1
1
0
1
0
0
0
1
0
1
0
1
0
0
1
1
0
1
1
0
0
0
0
1
1
0
0
0
0
0
0
0
1
1
1
0
0
1
1
0
1
1
1
1
1
1
0
1
0
0
1
1
0
1
1
0
1
0
0
0
0
0
0
1
0
0
0
1
0
0
1
0
0
0
0
1
1
1
1
0
1
0
1
0
1
0
0
0
1
1
0
0
0
0
0
1
1
0
0
1
1
1
0
0
1
1
1
1
1
1
0
0
1
0
0
0
1
1
1
0
0
0
0
0
0
0
0
1
0
1
0
1
1
0
1
0
1
0
1
0
0
1
0
0
1
0
1
1
1
0
0
0
0
1
1
1
1
0
1
0
1
1
0
0
1
1
1
0
1
0
0
1
0
0
0
1
0
1
0
0
1
1
1
0
1
1
1
0
1
1
0
0
1
0
0
1
0
1
1
1
1
1
0
0
0
1
0
1
0
0
0
1
1
1
1
1
1
1
0
1
0
0
0
1
1
1
1
1
0
1
0
0
1
1
0
1
0
0
1
0
1
1
1
0
0
1
1
0
0
1
0
1
0
1
1
0
1
0
0
0
1
1
1
1
0
0
1
1
0
1
1
1
1
0
1
0
1
0
1
1
0
1
1
1
1
0
1
1
1
1
1
0
1
1
1
0
1
0
1
1
1
0
0
1
0
1
0
0
0
0
0
1
0
0
1
1
1
0
1
1
0
1
0
0
0
0
0
0
0
1
0
1
0
0
1
1
0
1
0
0
0
1
1
0
0
1
1
1
1
0
1
0
0
1
0
0
0
1
0
1
1
0
1
1
1
0
1
0
0
1
1
1
0
0
0
0
1
0
1
1
1
0
0
0
1
1
1
1
1
0
0
0
1
1
1
0
0
0
0
1
0
0
0
1
0
1
1
1
1
1
0
0
0
0
1
1
1
1
0
0
0
0
1
0
1
1
0
1
0
1
0
1
0
0
1
0
0
1
0
1
0
1
0
1
1
1
0
1
0
0
0
1
0
1
1
0
1
0
0
0
0
0
0
0
1
1
0
1
0
1
0
0
0
1
1
0
0
0
1
0
0
1
0
0
1
1
0
1
1
0
0
1
0
1
1
1
0
0
0
1
1
1
0
1
1
1
1
0
1
1
0
1
0
0
1
0
1
0
1
0
0
1
1
1
0
0
0
0
1
1
0
0
0
1
0
0
1
1
0
0
0
0
0
0
1
1
0
1
1
0
1
0
1
1
1
1
1
0
1
1
1
1
0
0
1
0
1
1
1
0
0
0
0
0
0
0
1
1
0
1
0
1
0
1
0
0
0
1
0
1
0
1
0
1
1
1
1
1
1
1
1
1
0
0
0
0
1
0
0
1
1
0
0
0
0
1
1
1
1
1
1
1
1
1
0
1
1
1
0
0
0
1
0
0
0
0
1
0
1
0
1
1
1
0
1
1
0
1
1
0
1
0
1
0
1
1
0
1
0
0
0
1
0
1
0
1
1
1
1
0
0
0
0
0
1
1
0
0
1
0
1
1
0
1
0
0
1
1
1
1
0
1
0
1
1
0
1
1
0
0
0
1
1
0
0
0
0
0
1
0
1
0
1
1
0
0
0
1
1
0
1
0
1
0
1
0
1
1
1
1
1
1
1
0
0
1
0
1
0
1
1
0
0
1
1
1
0
1
0
0
1
1
0
1
1
1
0
1
1
0
0
1
0
1
0
1
0
0
0
0
1
1
1
0
1
0
0
1
1
1
1
1
0
0
0
1
1
1
1
1
1
1
0
1
1
1
0
0
0
0
0
0
0
1
1
1
1
1
1
0
1
1
1
1
1
1
1
0
1
1
0
1
0
0
0
0
1
1
0
0
0
1
1
1
1
1
1
1
0
1
0
1
0
1
0
0
0
1
1
0
1
1
1
0
0
0
0
0
1
1
0
0
0
1
1
1
1
1
0
0
0
1
1
0
0
1
1
0
1
1
1
0
0
1
1
1
1
0
1
0
1
1
0
0
1
1
0
0
1
0
1
1
0
1
1
1
1
0
1
1
1
1
1
0
1
0
1
1
1
0
1
1
0
0
0
0
1
1
0
0
1
1
0
1
1
1
1
0
1
1
0
1
1
1
1
1
0
1
1
0
0
1
0
1
1
1
1
1
0
0
1
1
1
0
1
1
1
0
1
0
0
0
0
0
1
0
0
0
0
0
0
0
0
1
0
0
0
0
0
0
0
0
1
0
0
1
1
1
0
1
1
0
1
1
1
1
0
1
1
1
1
0
0
0
0
0
1
1
1
0
1
1
1
1
1
1
1
0
1
1
1
0
0
0
1
1
1
0
0
0
0
0
1
1
1
0
0
1
1
1
1
0
1
0
1
1
0
0
0
0
1
1
0
1
1
1
0
0
0
0
1
1
0
1
0
1
1
1
0
1
1
1
0
0
1
0
1
0
0
0
1
0
1
0
0
1
0
1
1
1
1
1
0
1
1
1
0
1
0
0
1
1
1
0
0
0
1
0
1
0
1
0
1
1
0
1
0
1
1
0
0
1
0
1
0
1
1
1
1
0
0
1
0
1
0
1
1
0
1
0
0
0
0
0
0
1
1
0
0
1
1
0
1
0
1
0
0
1
1
0
0
1
0
0
1
1
0
1
1
1
0
0
1
0
1
0
0
0
0
1
0
1
1
1
1
0
1
0
1
0
0
0
1
1
0
0
1
1
1
0
0
0
0
1
0
1
1
1
1
1
1
1
1
0
1
1
1
0
1
1
0
0
0
1
0
1
0
0
1
0
1
0
1
1
1
0
1
0
1
0
1
0
1
1
0
0
1
1
1
1
1
0
0
1
1
0
0
0
1
0
1
1
0
0
0
1
1
1
1
1
1
1
0
0
0
1
1
1
0
1
1
1
1
1
1
0
1
1
0
0
0
0
1
0
0
1
0
0
0
0
0
0
1
0
1
0
0
0
0
1
1
1
0
0
0
1
0
0
0
1
0
0
1
1
1
0
0
1
1
0
0
0
0
1
0
0
1
0
1
0
0
0
0
0
1
1
1
1
1
1
0
1
1
0
1
1
0
1
0
0
1
1
0
0
1
1
0
0
0
0
1
1
0
0
1
1
0
1
0
1
0
1
0
1
1
0
1
0
1
1
1
1
0
1
0
0
1
1
1
0
0
1
0
1
0
0
1
0
1
0
1
1
0
1
0
1
0
1
1
0
0
1
0
1
0
0
1
0
0
0
1
1
0
1
1
0
0
1
1
0
1
0
1
1
0
0
0
1
1
0
1
1
0
0
1
0
1
1
0
1
1
0
0
1
0
0
1
0
1
1
1
0
1
0
1
0
0
0
1
0
1
1
1
1
0
1
0
0
0
0
1
0
0
1
0
0
1
0
0
0
0
0
1
0
1
1
1
1
0
1
0
1
1
1
0
1
0
0
1
0
1
0
0
1
0
0
0
1
0
1
0
0
1
1
0
0
1
1
1
0
1
0
1
1
1
0
1
0
0
1
1
1
1
1
0
1
0
1
1
1
1
1
0
0
0
1
1
0
0
0
0
0
0
0
1
0
1
0
0
0
0
0
1
1
1
1
1
0
0
1
1
0
0
1
1
1
0
0
0
1
1
0
1
0
1
0
0
0
1
0
0
1
1
0
1
0
1
0
1
0
0
0
0
0
0
1
1
0
0
0
1
0
0
1
0
0
1
1
0
0
0
1
1
0
0
0
0
1
1
0
0
0
1
0
1
0
0
0
0
1
0
0
1
1
1
1
0
0
0
0
0
0
1
1
1
1
1
0
1
0
1
1
0
1
1
1
0
1
0
1
1
1
0
0
1
1
1
0
1
0
0
0
1
1
0
0
0
1
1
1
0
0
0
0
1
1
1
1
0
0
0
0
0
0
1
1
1
0
1
1
1
1
0
1
1
0
0
0
0
1
0
1
1
0
1
1
0
0
0
0
0
0
1
1
0
0
0
0
1
0
1
1
1
0
1
0
0
1
1
1
1
1
0
0
0
0
0
1
1
1
1
1
0
0
1
1
0
0
1
1
0
1
1
0
0
1
1
1
0
0
1
1
0
1
1
1
0
0
0
0
1
1
1
0
0
1
1
1
0
1
0
0
1
1
0
0
0
1
0
0
1
1
1
1
1
0
1
1
0
1
0
0
1
0
1
0
1
1
0
1
0
0
0
0
0
0
1
0
1
1
0
0
1
1
0
1
0
1
0
1
0
0
0
1
1
0
0
0
1
1
1
1
1
1
0
0
1
1
0
1
0
1
1
0
1
1
1
1
0
0
1
1
1
1
0
1
1
0
0
0
0
1
1
1
0
0
0
0
1
0
1
1
0
1
1
0
1
1
0
0
0
1
0
1
0
0
0
0
1
1
1
0
0
1
1
0
1
1
0
0
1
0
1
0
0
1
1
0
1
0
1
1
0
0
0
1
1
0
1
1
0
1
0
0
1
0
0
1
0
1
1
1
1
1
1
1
1
0
1
1
0
1
0
0
1
0
1
0
0
0
0
0
1
0
1
1
1
1
0
1
0
1
0
1
1
1
1
1
0
1
1
0
1
0
0
1
1
0
1
1
1
0
0
0
0
1
1
0
1
0
1
0
0
1
1
1
0
1
0
0
0
0
0
1
0
1
0
1
0
1
0
0
1
0
1
1
0
1
1
0
0
1
0
0
0
1
0
0
1
0
0
0
1
0
1
0
0
1
0
1
0
1
0
0
1
1
1
1
0
0
1
1
0
1
1
0
0
0
0
1
0
1
1
0
0
0
0
0
1
0
1
1
1
0
1
1
1
0
1
0
0
0
1
1
1
1
1
0
1
1
1
1
1
0
0
1
1
0
1
0
1
1
1
0
1
1
0
1
0
1
1
0
0
0
1
1
0
1
1
1
0
0
0
1
1
1
0
1
0
0
1
0
1
1
0
0
1
0
1
0
1
0
0
1
1
1
0
1
1
0
1
0
1
0
0
0
1
0
1
0
0
0
1
0
0
1
1
1
1
0
0
0
0
0
0
0
1
1
1
0
1
0
1
1
0
1
1
0
1
0
1
1
0
1
1
1
1
0
1
0
1
0
0
1
1
0
1
1
0
0
1
0
1
1
0
0
0
1
1
1
1
0
1
1
0
0
0
0
1
1
1
0
0
0
0
0
0
0
1
0
0
1
0
1
1
0
1
0
1
0
1
0
0
0
0
0
0
0
0
1
1
0
0
0
1
0
0
1
0
0
0
0
1
1
0
1
1
0
0
1
0
0
0
0
1
1
0
0
1
1
1
0
0
0
1
1
0
1
1
0
0
1
0
0
1
0
0
0
0
1
1
0
0
1
1
1
0
1
1
0
0
1
0
0
0
0
1
0
0
0
0
0
0
1
0
0
1
0
0
0
0
1
1
0
0
0
1
1
1
0
0
1
1
